0
0
0.002
0.01
0.036
0.078
0.103
0.064
-0.044
-0.157
-0.189
-0.109
0.039
0.169
0.217
0.182
0.105
0.025
-0.052
-0.126
-0.166
-0.141
-0.057
0.054
0.171
0.262
0.253
0.098
-0.128
-0.249
-0.163
0.05
0.197
0.159
-0.016
-0.183
-0.231
-0.153
-0.017
0.105
0.175
0.191
0.162
0.089
-0.012
-0.094
-0.118
-0.094
-0.056
-0.016
0.028
0.029
-0.068
-0.216
-0.272
-0.152
0.059
0.214
0.255
0.218
0.139
0.017
-0.137
-0.27
-0.304
-0.191
0.029
0.245
0.343
0.286
0.117
-0.076
-0.211
-0.239
-0.172
-0.072
0.007
0.062
0.106
0.109
0.047
-0.043
-0.095
-0.079
-0.007
0.096
0.188
0.191
0.053
-0.176
-0.357
-0.362
-0.18
0.067
0.221
0.212
0.093
-0.046
-0.157
-0.212
-0.161
0.013
0.213
0.282
0.148
-0.119
-0.37
-0.463
-0.337
-0.046
0.258
0.425
0.384
0.171
-0.1
-0.295
-0.32
-0.18
0.017
0.137
0.127
0.041
-0.032
-0.052
-0.033
0.019
0.11
0.206
0.211
0.073
-0.137
-0.272
-0.257
-0.138
0.001
0.122
0.212
0.232
0.143
-0.021
-0.164
-0.207
-0.15
-0.046
0.052
0.115
0.121
0.047
-0.088
-0.204
-0.209
-0.089
0.071
0.164
0.151
0.064
-0.043
-0.118
-0.129
-0.075
0.012
0.093
0.136
0.116
0.032
-0.055
-0.069
-0.001
0.083
0.108
0.058
-0.024
-0.076
-0.06
0.008
0.076
0.11
0.112
0.1
0.086
0.072
0.056
0.027
-0.014
-0.045
-0.056
-0.077
-0.136
-0.189
-0.151
0.004
0.198
0.322
0.319
0.195
-0.001
-0.183
-0.247
-0.149
0.035
0.165
0.163
0.062
-0.058
-0.153
-0.218
-0.218
-0.106
0.098
0.28
0.32
0.204
0.042
-0.051
-0.053
-0.029
-0.034
-0.05
-0.033
0.014
0.045
0.025
-0.027
-0.055
-0.024
0.051
0.114
0.106
0.017
-0.101
-0.162
-0.121
-0.007
0.107
0.166
0.154
0.086
-0.008
-0.086
-0.126
-0.128
-0.102
-0.063
-0.034
-0.043
-0.076
-0.071
0.019
0.16
0.253
0.231
0.114
-0.023
-0.109
-0.114
-0.047
0.052
0.113
0.077
-0.044
-0.164
-0.19
-0.104
0.038
0.163
0.227
0.227
0.178
0.097
0
-0.09
-0.144
-0.147
-0.117
-0.076
-0.02
0.05
0.105
0.11
0.078
0.05
0.027
-0.019
-0.07
-0.055
0.033
0.099
0.052
-0.073
-0.152
-0.121
-0.022
0.06
0.081
0.039
-0.05
-0.146
-0.183
-0.119
0.016
0.144
0.21
0.208
0.151
0.054
-0.042
-0.082
-0.039
0.059
0.142
0.146
0.048
-0.114
-0.247
-0.251
-0.091
0.163
0.369
0.399
0.239
-0.005
-0.186
-0.21
-0.088
0.084
0.188
0.165
0.05
-0.069
-0.121
-0.097
-0.034
0.038
0.102
0.131
0.091
-0.008
-0.095
-0.1
-0.025
0.057
0.072
0.007
-0.088
-0.147
-0.125
-0.03
0.076
0.114
0.043
-0.101
-0.229
-0.258
-0.169
-0.018
0.117
0.188
0.189
0.121
0.011
-0.075
-0.082
-0.026
0.025
0.023
-0.025
-0.089
-0.131
-0.114
-0.029
0.084
0.162
0.17
0.119
0.042
-0.03
-0.093
-0.147
-0.175
-0.144
-0.051
0.057
0.117
0.105
0.041
-0.037
-0.091
-0.098
-0.055
0.017
0.077
0.089
0.032
-0.073
-0.158
-0.157
-0.084
-0.018
-0.007
-0.021
-0.014
0.011
0.026
0.025
0.022
0.014
-0.018
-0.07
-0.104
-0.084
-0.018
0.044
0.054
0.015
-0.021
-0.016
0
-0.029
-0.101
-0.149
-0.122
-0.047
0.007
0.012
-0.005
-0.007
0.012
0.049
0.091
0.116
0.085
-0.013
-0.134
-0.184
-0.1
0.081
0.232
0.241
0.102
-0.098
-0.262
-0.332
-0.279
-0.092
0.186
0.417
0.442
0.215
-0.12
-0.342
-0.33
-0.129
0.115
0.259
0.236
0.08
-0.102
-0.202
-0.181
-0.068
0.089
0.234
0.308
0.251
0.054
-0.206
-0.383
-0.353
-0.116
0.182
0.358
0.32
0.107
-0.152
-0.307
-0.266
-0.053
0.205
0.355
0.312
0.11
-0.128
-0.284
-0.296
-0.157
0.084
0.309
0.375
0.225
-0.046
-0.256
-0.279
-0.137
0.05
0.17
0.176
0.092
-0.025
-0.122
-0.151
-0.075
0.086
0.233
0.26
0.15
-0.018
-0.158
-0.23
-0.221
-0.119
0.068
0.265
0.356
0.284
0.11
-0.061
-0.177
-0.228
-0.189
-0.04
0.157
0.271
0.212
0.018
-0.184
-0.278
-0.224
-0.051
0.159
0.298
0.284
0.117
-0.117
-0.301
-0.341
-0.206
0.055
0.306
0.389
0.25
-0.009
-0.211
-0.251
-0.147
0
0.099
0.111
0.048
-0.055
-0.153
-0.201
-0.182
-0.105
0.011
0.135
0.21
0.182
0.072
-0.025
-0.04
-0.001
0.023
0.004
-0.046
-0.103
-0.131
-0.08
0.051
0.183
0.215
0.122
-0.035
-0.169
-0.22
-0.161
-0.008
0.168
0.261
0.199
0.009
-0.188
-0.257
-0.165
0
0.116
0.117
0.009
-0.151
-0.277
-0.295
-0.18
0.025
0.224
0.316
0.256
0.098
-0.06
-0.146
-0.144
-0.076
0.013
0.071
0.075
0.04
-0.016
-0.097
-0.182
-0.192
-0.067
0.129
0.249
0.218
0.089
-0.039
-0.108
-0.116
-0.088
-0.058
-0.046
-0.03
0.023
0.097
0.133
0.091
-0.011
-0.112
-0.142
-0.062
0.092
0.206
0.185
0.048
-0.092
-0.143
-0.107
-0.038
0.018
0.04
0.024
-0.014
-0.062
-0.118
-0.168
-0.167
-0.079
0.071
0.201
0.236
0.172
0.064
-0.043
-0.134
-0.191
-0.181
-0.093
0.031
0.121
0.141
0.087
-0.029
-0.173
-0.257
-0.194
-0.005
0.178
0.235
0.164
0.049
-0.032
-0.063
-0.076
-0.092
-0.1
-0.061
0.039
0.145
0.157
0.026
-0.184
-0.335
-0.324
-0.146
0.11
0.307
0.328
0.154
-0.108
-0.292
-0.296
-0.139
0.072
0.225
0.255
0.155
-0.037
-0.246
-0.375
-0.346
-0.161
0.079
0.232
0.229
0.112
-0.022
-0.099
-0.097
-0.037
0.05
0.128
0.158
0.103
-0.023
-0.149
-0.2
-0.16
-0.063
0.043
0.108
0.087
0.004
-0.054
-0.025
0.048
0.083
0.059
0.014
-0.027
-0.063
-0.081
-0.055
0.009
0.061
0.049
-0.033
-0.137
-0.186
-0.127
0.019
0.166
0.215
0.132
-0.025
-0.146
-0.154
-0.051
0.085
0.162
0.129
0.017
-0.097
-0.155
-0.152
-0.114
-0.059
0.006
0.066
0.111
0.142
0.149
0.119
0.064
0.024
0.017
0.009
-0.038
-0.107
-0.144
-0.128
-0.086
-0.05
-0.016
0.046
0.141
0.226
0.25
0.195
0.088
-0.022
-0.074
-0.047
0.007
0.016
-0.036
-0.093
-0.102
-0.062
-0.015
0.017
0.045
0.073
0.065
0.004
-0.064
-0.07
-0.003
0.083
0.13
0.118
0.068
0.013
-0.023
-0.034
-0.017
0.026
0.07
0.065
-0.021
-0.153
-0.247
-0.249
-0.161
-0.018
0.138
0.254
0.28
0.209
0.08
-0.065
-0.197
-0.275
-0.249
-0.108
0.079
0.192
0.158
0.02
-0.113
-0.149
-0.069
0.09
0.249
0.316
0.239
0.048
-0.172
-0.326
-0.348
-0.227
-0.03
0.136
0.206
0.181
0.091
-0.031
-0.128
-0.147
-0.098
-0.044
-0.017
0.007
0.037
0.03
-0.033
-0.093
-0.078
0.01
0.094
0.11
0.063
-0.008
-0.073
-0.113
-0.125
-0.13
-0.153
-0.171
-0.118
0.032
0.212
0.309
0.261
0.089
-0.13
-0.302
-0.354
-0.259
-0.056
0.164
0.276
0.198
-0.029
-0.239
-0.268
-0.094
0.158
0.332
0.337
0.17
-0.095
-0.319
-0.364
-0.209
0.018
0.162
0.181
0.136
0.074
-0.022
-0.148
-0.219
-0.146
0.037
0.196
0.223
0.118
-0.048
-0.179
-0.194
-0.08
0.082
0.182
0.177
0.094
-0.024
-0.141
-0.224
-0.241
-0.19
-0.101
-0.01
0.057
0.097
0.109
0.09
0.052
0.022
0.007
-0.007
-0.023
-0.008
0.04
0.057
-0.022
-0.15
-0.212
-0.148
-0.008
0.128
0.213
0.216
0.113
-0.061
-0.193
-0.18
-0.046
0.086
0.13
0.108
0.073
0.022
-0.063
-0.144
-0.151
-0.061
0.072
0.168
0.178
0.095
-0.04
-0.167
-0.222
-0.176
-0.05
0.086
0.15
0.115
0.034
-0.019
-0.028
-0.024
-0.023
-0.01
0.019
0.035
0.004
-0.062
-0.102
-0.076
-0.012
0.027
0.022
0.022
0.058
0.097
0.087
0.023
-0.052
-0.1
-0.107
-0.08
-0.044
-0.016
-0.002
0.001
-0.011
-0.04
-0.071
-0.067
-0.002
0.115
0.224
0.246
0.145
-0.033
-0.189
-0.247
-0.198
-0.076
0.058
0.141
0.127
0.035
-0.068
-0.12
-0.121
-0.085
-0.002
0.119
0.203
0.174
0.063
-0.029
-0.061
-0.072
-0.088
-0.075
-0.001
0.106
0.189
0.196
0.096
-0.092
-0.269
-0.302
-0.137
0.154
0.416
0.498
0.346
0.032
-0.287
-0.465
-0.431
-0.207
0.104
0.347
0.384
0.178
-0.166
-0.451
-0.493
-0.239
0.174
0.499
0.553
0.343
0.018
-0.259
-0.39
-0.338
-0.134
0.111
0.257
0.235
0.083
-0.115
-0.277
-0.316
-0.178
0.08
0.29
0.313
0.172
0.01
-0.054
-0.021
0.043
0.081
0.087
0.076
0.054
0.016
-0.038
-0.085
-0.095
-0.056
0.005
0.045
0.038
0.017
0.038
0.117
0.203
0.219
0.126
-0.052
-0.235
-0.317
-0.241
-0.059
0.095
0.13
0.071
0.011
0
0.014
0.01
-0.013
-0.025
-0.005
0.033
0.051
0.02
-0.062
-0.154
-0.191
-0.135
-0.014
0.107
0.179
0.2
0.192
0.158
0.088
-0.012
-0.108
-0.157
-0.134
-0.049
0.045
0.095
0.1
0.101
0.115
0.096
0.011
-0.1
-0.153
-0.126
-0.061
-0.006
0.019
0
-0.062
-0.115
-0.078
0.062
0.2
0.212
0.089
-0.057
-0.135
-0.16
-0.177
-0.176
-0.126
-0.047
0.012
0.038
0.038
0.002
-0.071
-0.124
-0.095
-0.005
0.07
0.094
0.094
0.086
0.043
-0.045
-0.122
-0.109
0.016
0.186
0.291
0.247
0.071
-0.129
-0.245
-0.241
-0.152
-0.032
0.07
0.118
0.107
0.071
0.045
0.028
0.001
-0.033
-0.054
-0.066
-0.092
-0.129
-0.139
-0.088
-0.001
0.057
0.042
-0.024
-0.083
-0.09
-0.044
0.02
0.057
0.053
0.024
-0.011
-0.054
-0.102
-0.118
-0.065
0.037
0.116
0.12
0.056
-0.036
-0.114
-0.13
-0.053
0.087
0.187
0.17
0.062
-0.039
-0.067
-0.029
0.046
0.132
0.191
0.168
0.044
-0.133
-0.271
-0.295
-0.195
-0.022
0.152
0.268
0.281
0.169
-0.025
-0.185
-0.211
-0.107
0.027
0.108
0.122
0.086
-0.008
-0.151
-0.272
-0.264
-0.097
0.132
0.273
0.25
0.099
-0.084
-0.199
-0.176
-0.021
0.168
0.26
0.206
0.06
-0.093
-0.211
-0.267
-0.224
-0.072
0.127
0.262
0.257
0.117
-0.074
-0.191
-0.142
0.046
0.234
0.279
0.163
-0.016
-0.152
-0.21
-0.203
-0.151
-0.071
0.009
0.049
0.026
-0.033
-0.065
-0.025
0.073
0.168
0.201
0.153
0.054
-0.041
-0.105
-0.144
-0.159
-0.134
-0.068
0.002
0.041
0.049
0.028
-0.033
-0.105
-0.105
0.006
0.158
0.237
0.197
0.101
0.042
0.056
0.086
0.048
-0.06
-0.148
-0.139
-0.069
-0.031
-0.051
-0.068
-0.034
0.025
0.059
0.056
0.039
0.025
0.024
0.035
0.042
0.017
-0.054
-0.143
-0.184
-0.125
0.005
0.108
0.11
0.022
-0.083
-0.141
-0.12
-0.02
0.121
0.24
0.285
0.231
0.066
-0.192
-0.434
-0.481
-0.24
0.153
0.424
0.408
0.169
-0.103
-0.248
-0.21
-0.032
0.179
0.311
0.311
0.211
0.078
-0.042
-0.128
-0.151
-0.091
0.02
0.105
0.108
0.028
-0.102
-0.23
-0.271
-0.151
0.096
0.321
0.379
0.253
0.039
-0.156
-0.266
-0.262
-0.141
0.048
0.207
0.24
0.108
-0.132
-0.35
-0.411
-0.272
-0.011
0.236
0.368
0.349
0.208
0.035
-0.066
-0.061
-0.015
0.001
-0.02
-0.05
-0.084
-0.129
-0.154
-0.124
-0.032
0.091
0.208
0.278
0.241
0.073
-0.139
-0.226
-0.107
0.099
0.198
0.124
-0.018
-0.096
-0.073
-0.003
0.043
0.018
-0.077
-0.181
-0.212
-0.141
-0.012
0.106
0.163
0.142
0.056
-0.054
-0.134
-0.147
-0.078
0.059
0.192
0.203
0.031
-0.233
-0.409
-0.381
-0.187
0.051
0.222
0.265
0.181
0.037
-0.071
-0.095
-0.061
-0.014
0.028
0.059
0.043
-0.051
-0.186
-0.261
-0.198
-0.013
0.199
0.329
0.307
0.145
-0.057
-0.179
-0.181
-0.113
-0.044
0.013
0.071
0.114
0.099
0.016
-0.084
-0.13
-0.089
0.008
0.096
0.109
0.03
-0.086
-0.142
-0.085
0.036
0.122
0.131
0.111
0.105
0.083
-0.009
-0.134
-0.186
-0.123
-0.03
-0.008
-0.052
-0.08
-0.051
0.012
0.076
0.128
0.153
0.141
0.107
0.079
0.061
0.03
-0.026
-0.081
-0.091
-0.05
-0.006
-0.029
-0.121
-0.194
-0.136
0.066
0.295
0.382
0.248
-0.028
-0.278
-0.37
-0.278
-0.051
0.218
0.396
0.358
0.091
-0.261
-0.481
-0.44
-0.178
0.139
0.338
0.322
0.122
-0.136
-0.294
-0.262
-0.06
0.189
0.329
0.266
0.03
-0.24
-0.391
-0.353
-0.175
0.037
0.201
0.275
0.238
0.089
-0.131
-0.32
-0.36
-0.202
0.082
0.342
0.437
0.307
0.004
-0.309
-0.445
-0.334
-0.078
0.159
0.269
0.223
0.048
-0.168
-0.303
-0.277
-0.114
0.087
0.219
0.213
0.069
-0.137
-0.283
-0.278
-0.111
0.137
0.317
0.297
0.072
-0.21
-0.37
-0.338
-0.163
0.057
0.235
0.31
0.263
0.122
-0.054
-0.19
-0.226
-0.152
-0.018
0.104
0.165
0.138
0.019
-0.139
-0.227
-0.171
-0.015
0.121
0.164
0.141
0.101
0.054
-0.016
-0.088
-0.114
-0.062
0.039
0.12
0.116
0.02
-0.108
-0.18
-0.145
-0.024
0.115
0.193
0.164
0.036
-0.116
-0.19
-0.143
-0.035
0.039
0.06
0.09
0.156
0.186
0.105
-0.052
-0.163
-0.165
-0.101
-0.054
-0.054
-0.068
-0.042
0.049
0.168
0.239
0.21
0.111
0.025
0.013
0.057
0.082
0.031
-0.079
-0.17
-0.185
-0.135
-0.059
0.024
0.105
0.138
0.089
0.004
-0.033
0.008
0.091
0.171
0.21
0.151
-0.03
-0.26
-0.386
-0.309
-0.067
0.185
0.291
0.209
0.038
-0.088
-0.114
-0.08
-0.032
0.02
0.066
0.07
0.014
-0.061
-0.08
-0.005
0.122
0.199
0.153
0.007
-0.15
-0.23
-0.204
-0.091
0.051
0.152
0.164
0.101
0.033
0.016
0.037
0.045
0.023
-0.003
-0.012
-0.025
-0.062
-0.117
-0.149
-0.115
-0.011
0.099
0.129
0.05
-0.067
-0.117
-0.049
0.092
0.22
0.26
0.188
0.027
-0.165
-0.322
-0.371
-0.268
-0.043
0.202
0.347
0.328
0.159
-0.078
-0.261
-0.283
-0.121
0.125
0.301
0.303
0.151
-0.035
-0.135
-0.128
-0.086
-0.065
-0.048
0.017
0.113
0.151
0.075
-0.048
-0.094
-0.021
0.088
0.128
0.087
0.021
-0.026
-0.052
-0.058
-0.053
-0.053
-0.056
-0.027
0.043
0.088
0.035
-0.093
-0.187
-0.172
-0.059
0.085
0.195
0.222
0.152
0.027
-0.071
-0.093
-0.067
-0.053
-0.065
-0.064
-0.025
0.023
0.036
0.018
0.019
0.063
0.109
0.104
0.05
0.002
0.012
0.07
0.115
0.099
0.03
-0.039
-0.069
-0.06
-0.027
0.017
0.059
0.076
0.059
0.02
-0.009
-0.012
-0.004
-0.007
-0.02
-0.016
0.023
0.082
0.114
0.081
-0.006
-0.081
-0.088
-0.038
0.008
0.013
-0.004
-0.003
0.026
0.059
0.06
0.01
-0.058
-0.078
-0.025
0.047
0.054
-0.036
-0.166
-0.234
-0.175
-0.016
0.15
0.234
0.213
0.116
-0.002
-0.082
-0.083
-0.017
0.064
0.112
0.11
0.048
-0.078
-0.216
-0.263
-0.146
0.09
0.301
0.349
0.206
-0.027
-0.208
-0.26
-0.201
-0.08
0.064
0.18
0.199
0.096
-0.068
-0.186
-0.199
-0.118
0.015
0.152
0.217
0.147
-0.036
-0.204
-0.228
-0.099
0.074
0.164
0.138
0.045
-0.058
-0.136
-0.162
-0.122
-0.035
0.049
0.086
0.061
-0.005
-0.072
-0.098
-0.07
-0.013
0.024
0.019
-0.006
-0.017
-0.02
-0.04
-0.077
-0.095
-0.069
-0.019
0.017
0.028
0.048
0.106
0.179
0.202
0.127
-0.015
-0.143
-0.192
-0.148
-0.036
0.098
0.182
0.158
0.043
-0.07
-0.1
-0.046
0.026
0.072
0.099
0.122
0.115
0.043
-0.065
-0.125
-0.091
-0.004
0.064
0.066
-0.004
-0.119
-0.199
-0.165
-0.029
0.104
0.153
0.135
0.1
0.059
-0.002
-0.07
-0.112
-0.115
-0.084
-0.024
0.053
0.1
0.063
-0.049
-0.154
-0.159
-0.045
0.117
0.225
0.218
0.124
0.023
-0.026
-0.031
-0.037
-0.056
-0.046
0.025
0.123
0.171
0.117
-0.01
-0.115
-0.118
-0.031
0.059
0.086
0.06
0.036
0.025
-0.004
-0.05
-0.068
-0.031
0.033
0.092
0.137
0.151
0.082
-0.087
-0.247
-0.242
-0.05
0.16
0.225
0.151
0.055
-0.004
-0.057
-0.127
-0.163
-0.107
0.02
0.127
0.13
0.028
-0.107
-0.18
-0.145
-0.021
0.121
0.197
0.155
0.019
-0.12
-0.177
-0.125
-0.004
0.109
0.145
0.09
-0.01
-0.098
-0.143
-0.142
-0.102
-0.036
0.033
0.072
0.041
-0.054
-0.131
-0.098
0.023
0.114
0.108
0.05
-0.003
-0.055
-0.117
-0.145
-0.099
-0.013
0.044
0.054
0.051
0.055
0.052
0.044
0.053
0.072
0.059
-0.015
-0.101
-0.117
-0.048
0.033
0.049
0.002
-0.056
-0.073
-0.022
0.084
0.176
0.158
0.011
-0.161
-0.226
-0.149
-0.015
0.074
0.091
0.07
0.039
-0.004
-0.055
-0.077
-0.044
0.018
0.053
0.028
-0.048
-0.125
-0.141
-0.062
0.069
0.156
0.129
0.018
-0.083
-0.106
-0.062
-0.005
0.034
0.049
0.042
0.018
-0.011
-0.025
-0.01
0.033
0.086
0.128
0.147
0.128
0.06
-0.047
-0.14
-0.143
-0.041
0.082
0.133
0.112
0.093
0.103
0.099
0.046
-0.035
-0.09
-0.084
-0.017
0.071
0.106
0.042
-0.095
-0.212
-0.228
-0.12
0.06
0.221
0.271
0.172
-0.028
-0.22
-0.307
-0.247
-0.061
0.175
0.35
0.358
0.154
-0.178
-0.442
-0.449
-0.184
0.177
0.408
0.393
0.157
-0.175
-0.429
-0.442
-0.175
0.229
0.526
0.54
0.275
-0.112
-0.422
-0.514
-0.354
-0.023
0.306
0.444
0.305
-0.01
-0.287
-0.355
-0.199
0.064
0.287
0.351
0.206
-0.094
-0.391
-0.534
-0.469
-0.252
0.025
0.268
0.391
0.337
0.124
-0.141
-0.309
-0.287
-0.102
0.112
0.22
0.176
0.035
-0.109
-0.182
-0.158
-0.053
0.077
0.164
0.167
0.1
0.013
-0.05
-0.081
-0.098
-0.097
-0.047
0.054
0.153
0.183
0.133
0.049
-0.017
-0.052
-0.073
-0.093
-0.096
-0.068
-0.019
0.022
0.036
0.031
0.025
0.026
0.026
0.021
0.015
0.014
0.022
0.032
0.026
-0.018
-0.106
-0.199
-0.226
-0.134
0.052
0.233
0.315
0.265
0.116
-0.066
-0.201
-0.21
-0.08
0.113
0.249
0.253
0.131
-0.054
-0.218
-0.265
-0.133
0.131
0.37
0.435
0.308
0.075
-0.156
-0.295
-0.278
-0.105
0.133
0.298
0.3
0.152
-0.047
-0.191
-0.222
-0.142
0
0.131
0.182
0.131
0.01
-0.124
-0.212
-0.212
-0.118
0.024
0.145
0.193
0.153
0.038
-0.11
-0.214
-0.207
-0.087
0.069
0.159
0.128
0.004
-0.113
-0.125
-0.028
0.087
0.128
0.098
0.063
0.056
0.049
0.006
-0.06
-0.107
-0.102
-0.046
0.036
0.11
0.159
0.176
0.154
0.083
-0.021
-0.105
-0.122
-0.077
-0.019
0.013
0.011
-0.025
-0.097
-0.166
-0.163
-0.06
0.074
0.13
0.064
-0.057
-0.125
-0.098
-0.036
-0.015
-0.049
-0.089
-0.088
-0.046
0.011
0.056
0.077
0.066
0.028
-0.018
-0.046
-0.051
-0.052
-0.057
-0.051
-0.028
-0.012
-0.023
-0.038
-0.019
0.038
0.098
0.119
0.084
0.01
-0.063
-0.093
-0.053
0.039
0.115
0.106
0.017
-0.073
-0.098
-0.072
-0.045
-0.029
-0.009
0.002
-0.034
-0.111
-0.154
-0.094
0.063
0.233
0.323
0.27
0.079
-0.167
-0.328
-0.299
-0.098
0.133
0.246
0.187
0.013
-0.164
-0.24
-0.157
0.06
0.299
0.429
0.377
0.163
-0.107
-0.295
-0.302
-0.138
0.081
0.229
0.252
0.174
0.057
-0.04
-0.083
-0.073
-0.029
0.016
0.037
0.029
0.007
-0.017
-0.046
-0.069
-0.055
0.008
0.084
0.128
0.134
0.118
0.074
-0.021
-0.157
-0.261
-0.248
-0.103
0.091
0.236
0.288
0.25
0.14
-0.001
-0.104
-0.127
-0.088
-0.039
-0.009
0.008
0.017
-0.006
-0.075
-0.144
-0.129
0.011
0.22
0.383
0.41
0.287
0.066
-0.177
-0.36
-0.41
-0.292
-0.054
0.195
0.331
0.29
0.102
-0.12
-0.248
-0.213
-0.046
0.143
0.233
0.178
0.019
-0.152
-0.252
-0.248
-0.168
-0.056
0.06
0.158
0.195
0.12
-0.069
-0.284
-0.397
-0.331
-0.118
0.129
0.296
0.323
0.231
0.081
-0.055
-0.123
-0.104
-0.025
0.057
0.089
0.045
-0.067
-0.185
-0.236
-0.19
-0.076
0.063
0.188
0.26
0.254
0.184
0.082
-0.033
-0.148
-0.226
-0.217
-0.109
0.029
0.109
0.1
0.046
-0.005
-0.042
-0.074
-0.093
-0.085
-0.056
-0.031
-0.015
0.011
0.053
0.072
0.027
-0.064
-0.129
-0.113
-0.033
0.057
0.103
0.076
-0.023
-0.14
-0.186
-0.107
0.051
0.193
0.251
0.219
0.124
0.005
-0.092
-0.126
-0.087
-0.005
0.069
0.077
-0.005
-0.125
-0.178
-0.103
0.052
0.189
0.25
0.24
0.167
0.038
-0.101
-0.174
-0.146
-0.06
0.019
0.058
0.054
0.005
-0.074
-0.13
-0.105
0
0.128
0.214
0.212
0.107
-0.052
-0.162
-0.155
-0.074
-0.007
0.021
0.04
0.046
-0.006
-0.106
-0.17
-0.136
-0.032
0.068
0.124
0.131
0.088
-0.001
-0.089
-0.1
-0.009
0.118
0.182
0.146
0.056
-0.028
-0.082
-0.11
-0.102
-0.046
0.032
0.072
0.032
-0.064
-0.144
-0.148
-0.059
0.086
0.212
0.245
0.162
0.014
-0.107
-0.134
-0.074
0.003
0.03
-0.007
-0.073
-0.121
-0.119
-0.051
0.06
0.157
0.174
0.086
-0.066
-0.201
-0.237
-0.135
0.057
0.218
0.228
0.077
-0.114
-0.209
-0.176
-0.074
0.032
0.109
0.126
0.056
-0.062
-0.133
-0.105
-0.019
0.05
0.075
0.072
0.051
0.01
-0.035
-0.047
-0.011
0.044
0.066
0.032
-0.042
-0.119
-0.168
-0.162
-0.068
0.102
0.266
0.316
0.21
0.015
-0.157
-0.227
-0.201
-0.13
-0.048
0.042
0.117
0.122
0.042
-0.06
-0.083
0.008
0.137
0.19
0.116
-0.036
-0.166
-0.19
-0.084
0.099
0.249
0.277
0.18
0.032
-0.09
-0.148
-0.143
-0.094
-0.034
0.009
0.036
0.047
0.024
-0.032
-0.058
0.002
0.123
0.226
0.256
0.204
0.083
-0.063
-0.16
-0.171
-0.146
-0.151
-0.174
-0.149
-0.046
0.101
0.238
0.312
0.291
0.184
0.045
-0.071
-0.136
-0.156
-0.141
-0.096
-0.027
0.035
0.047
0
-0.06
-0.065
0.018
0.145
0.215
0.144
-0.047
-0.222
-0.233
-0.067
0.142
0.25
0.222
0.124
0.018
-0.079
-0.162
-0.198
-0.155
-0.044
0.072
0.125
0.07
-0.074
-0.209
-0.208
-0.03
0.221
0.381
0.37
0.223
0.025
-0.155
-0.27
-0.298
-0.245
-0.141
-0.015
0.097
0.148
0.106
-0.002
-0.086
-0.061
0.067
0.192
0.196
0.059
-0.121
-0.227
-0.219
-0.154
-0.1
-0.067
-0.007
0.107
0.219
0.223
0.082
-0.111
-0.217
-0.179
-0.061
0.045
0.11
0.157
0.187
0.148
0.011
-0.169
-0.281
-0.25
-0.094
0.082
0.159
0.078
-0.109
-0.255
-0.232
-0.051
0.15
0.239
0.196
0.096
0.014
-0.026
-0.048
-0.087
-0.148
-0.186
-0.148
-0.047
0.028
0.007
-0.071
-0.085
0.03
0.208
0.314
0.273
0.133
0.001
-0.067
-0.112
-0.182
-0.249
-0.225
-0.077
0.107
0.197
0.14
0.004
-0.1
-0.105
-0.018
0.099
0.155
0.097
-0.033
-0.113
-0.056
0.08
0.158
0.122
0.056
0.049
0.067
0.016
-0.114
-0.225
-0.226
-0.114
0.039
0.149
0.151
0.049
-0.075
-0.113
-0.032
0.104
0.195
0.195
0.127
0.047
-0.03
-0.12
-0.212
-0.243
-0.163
-0.005
0.138
0.205
0.199
0.155
0.115
0.111
0.129
0.088
-0.068
-0.262
-0.336
-0.229
-0.035
0.113
0.169
0.164
0.128
0.074
0.021
-0.01
-0.012
0.014
0.075
0.143
0.142
0.028
-0.122
-0.172
-0.085
0.054
0.154
0.196
0.176
0.063
-0.13
-0.287
-0.281
-0.112
0.088
0.198
0.2
0.138
0.034
-0.097
-0.198
-0.179
-0.018
0.184
0.271
0.169
-0.058
-0.276
-0.387
-0.363
-0.212
0.023
0.241
0.317
0.218
0.05
-0.047
-0.037
0.002
-0.004
-0.059
-0.116
-0.134
-0.109
-0.066
-0.028
0.016
0.084
0.16
0.185
0.117
-0.011
-0.115
-0.136
-0.082
-0.006
0.048
0.07
0.082
0.1
0.107
0.065
-0.036
-0.147
-0.199
-0.16
-0.061
0.028
0.054
0.011
-0.052
-0.067
-0.004
0.102
0.181
0.191
0.134
0.031
-0.089
-0.185
-0.222
-0.189
-0.099
0.018
0.109
0.116
0.026
-0.083
-0.098
0.02
0.182
0.255
0.187
0.05
-0.06
-0.115
-0.144
-0.146
-0.089
0.021
0.121
0.148
0.109
0.064
0.052
0.06
0.041
-0.025
-0.102
-0.131
-0.084
0.017
0.118
0.166
0.132
0.033
-0.073
-0.116
-0.062
0.055
0.15
0.147
0.036
-0.111
-0.199
-0.19
-0.113
-0.002
0.139
0.279
0.308
0.134
-0.168
-0.384
-0.371
-0.19
0.011
0.149
0.2
0.132
-0.046
-0.218
-0.246
-0.117
0.063
0.204
0.285
0.281
0.152
-0.075
-0.269
-0.315
-0.211
-0.05
0.072
0.104
0.057
-0.011
-0.025
0.018
0.036
-0.024
-0.105
-0.117
-0.063
-0.026
-0.045
-0.083
-0.108
-0.12
-0.108
-0.045
0.049
0.107
0.093
0.041
-0.013
-0.082
-0.185
-0.273
-0.254
-0.109
0.071
0.179
0.191
0.147
0.062
-0.061
-0.165
-0.163
-0.043
0.094
0.134
0.067
-0.025
-0.077
-0.103
-0.133
-0.144
-0.087
0.033
0.149
0.21
0.222
0.197
0.112
-0.044
-0.213
-0.293
-0.23
-0.066
0.098
0.173
0.137
0.032
-0.081
-0.158
-0.172
-0.121
-0.028
0.051
0.052
-0.046
-0.175
-0.22
-0.127
0.052
0.208
0.27
0.235
0.133
0
-0.125
-0.192
-0.173
-0.086
0.013
0.075
0.079
0.037
-0.016
-0.031
0.028
0.138
0.219
0.193
0.061
-0.088
-0.15
-0.086
0.046
0.139
0.116
-0.015
-0.16
-0.2
-0.071
0.171
0.367
0.38
0.217
0
-0.168
-0.257
-0.254
-0.14
0.047
0.194
0.197
0.07
-0.076
-0.147
-0.13
-0.055
0.053
0.156
0.19
0.11
-0.047
-0.176
-0.191
-0.089
0.071
0.215
0.279
0.219
0.036
-0.201
-0.365
-0.331
-0.084
0.233
0.411
0.34
0.089
-0.176
-0.297
-0.204
0.046
0.293
0.38
0.268
0.039
-0.183
-0.295
-0.251
-0.085
0.09
0.161
0.104
-0.013
-0.109
-0.135
-0.071
0.072
0.232
0.305
0.219
0.005
-0.213
-0.313
-0.271
-0.154
-0.035
0.064
0.137
0.151
0.079
-0.048
-0.158
-0.185
-0.106
0.052
0.206
0.252
0.158
-0.008
-0.14
-0.19
-0.164
-0.075
0.058
0.176
0.194
0.083
-0.084
-0.18
-0.131
0.026
0.181
0.241
0.166
-0.015
-0.213
-0.304
-0.226
-0.035
0.148
0.235
0.203
0.068
-0.121
-0.268
-0.277
-0.137
0.065
0.214
0.241
0.137
-0.046
-0.203
-0.242
-0.148
-0.006
0.074
0.044
-0.042
-0.091
-0.064
-0.003
0.043
0.074
0.114
0.15
0.131
0.041
-0.065
-0.11
-0.059
0.048
0.137
0.152
0.081
-0.042
-0.151
-0.172
-0.074
0.088
0.201
0.201
0.126
0.052
-0.002
-0.063
-0.128
-0.135
-0.052
0.06
0.099
0.026
-0.095
-0.162
-0.118
0.002
0.101
0.107
0.036
-0.04
-0.069
-0.058
-0.035
-0.015
0.003
0.021
0.025
0.004
-0.038
-0.083
-0.108
-0.1
-0.05
0.042
0.135
0.165
0.105
0.013
-0.031
-0.015
0.007
-0.005
-0.036
-0.047
-0.022
0.021
0.054
0.063
0.053
0.027
-0.008
-0.025
0.009
0.088
0.15
0.136
0.052
-0.05
-0.12
-0.138
-0.11
-0.071
-0.056
-0.07
-0.076
-0.045
0.007
0.044
0.062
0.078
0.074
0.011
-0.094
-0.15
-0.093
0.028
0.098
0.058
-0.033
-0.089
-0.095
-0.088
-0.092
-0.091
-0.063
-0.012
0.036
0.06
0.055
0.034
0.01
-0.008
-0.023
-0.019
0.031
0.118
0.163
0.098
-0.053
-0.186
-0.221
-0.161
-0.049
0.077
0.187
0.238
0.193
0.048
-0.148
-0.287
-0.262
-0.071
0.147
0.242
0.182
0.042
-0.103
-0.219
-0.267
-0.194
-0.007
0.191
0.272
0.198
0.037
-0.108
-0.18
-0.164
-0.058
0.111
0.248
0.247
0.092
-0.11
-0.235
-0.229
-0.124
0.012
0.115
0.147
0.111
0.05
0.003
-0.022
-0.027
-0.004
0.044
0.084
0.074
0.01
-0.056
-0.063
-0.023
0.006
-0.004
-0.015
0.01
0.054
0.078
0.08
0.075
0.064
0.033
-0.015
-0.061
-0.088
-0.083
-0.031
0.067
0.169
0.219
0.181
0.063
-0.085
-0.174
-0.137
0.006
0.152
0.202
0.134
0.013
-0.074
-0.083
-0.031
0.052
0.153
0.243
0.251
0.118
-0.123
-0.337
-0.385
-0.235
0.016
0.225
0.307
0.265
0.137
-0.043
-0.223
-0.298
-0.183
0.073
0.288
0.294
0.085
-0.199
-0.392
-0.414
-0.263
0.007
0.283
0.415
0.308
0.026
-0.242
-0.33
-0.218
-0.024
0.123
0.171
0.141
0.067
-0.028
-0.104
-0.11
-0.038
0.066
0.146
0.176
0.144
0.048
-0.084
-0.199
-0.253
-0.221
-0.107
0.041
0.147
0.178
0.164
0.126
0.043
-0.086
-0.186
-0.178
-0.068
0.059
0.13
0.124
0.06
-0.035
-0.128
-0.173
-0.127
-0.002
0.112
0.126
0.034
-0.095
-0.195
-0.225
-0.152
0.021
0.207
0.276
0.174
-0.027
-0.199
-0.252
-0.181
-0.04
0.102
0.173
0.125
-0.022
-0.17
-0.208
-0.106
0.052
0.158
0.168
0.119
0.058
-0.005
-0.075
-0.122
-0.107
-0.044
-0.011
-0.056
-0.119
-0.094
0.036
0.165
0.189
0.127
0.068
0.049
0.017
-0.058
-0.111
-0.07
0.032
0.094
0.065
-0.013
-0.077
-0.093
-0.053
0.018
0.075
0.081
0.045
0.008
-0.009
-0.015
-0.022
-0.025
-0.016
0.008
0.039
0.05
0.014
-0.056
-0.097
-0.058
0.037
0.108
0.103
0.045
-0.008
-0.032
-0.05
-0.079
-0.089
-0.038
0.068
0.167
0.171
0.041
-0.163
-0.307
-0.305
-0.185
-0.033
0.099
0.186
0.197
0.114
-0.011
-0.08
-0.038
0.074
0.172
0.195
0.135
0.011
-0.145
-0.276
-0.308
-0.203
0.005
0.22
0.341
0.314
0.158
-0.042
-0.183
-0.206
-0.126
-0.001
0.114
0.164
0.1
-0.073
-0.264
-0.333
-0.21
0.04
0.267
0.348
0.25
0.03
-0.21
-0.372
-0.397
-0.28
-0.064
0.168
0.308
0.282
0.105
-0.114
-0.245
-0.216
-0.05
0.152
0.269
0.221
0.014
-0.258
-0.438
-0.399
-0.14
0.191
0.393
0.368
0.166
-0.075
-0.236
-0.264
-0.169
-0.001
0.152
0.187
0.062
-0.136
-0.248
-0.193
-0.036
0.108
0.192
0.23
0.208
0.087
-0.11
-0.281
-0.34
-0.277
-0.136
0.034
0.18
0.241
0.181
0.035
-0.1
-0.135
-0.063
0.048
0.115
0.096
0.006
-0.095
-0.155
-0.151
-0.086
0.029
0.163
0.257
0.252
0.136
-0.024
-0.123
-0.112
-0.043
-0.006
-0.028
-0.057
-0.042
0.006
0.039
0.035
0.024
0.042
0.083
0.093
0.036
-0.06
-0.124
-0.115
-0.058
-0.012
-0.013
-0.05
-0.08
-0.054
0.036
0.145
0.2
0.153
0.012
-0.156
-0.254
-0.227
-0.103
0.037
0.131
0.161
0.146
0.112
0.062
-0.013
-0.096
-0.123
-0.057
0.048
0.096
0.055
-0.012
-0.033
-0.003
0.043
0.082
0.107
0.113
0.103
0.083
0.051
-0.008
-0.09
-0.158
-0.171
-0.122
-0.037
0.048
0.094
0.078
0.025
-0.017
-0.027
-0.022
-0.012
0.022
0.088
0.143
0.121
-0.004
-0.175
-0.278
-0.225
-0.04
0.141
0.186
0.08
-0.076
-0.182
-0.21
-0.186
-0.117
0.012
0.181
0.3
0.28
0.122
-0.075
-0.198
-0.198
-0.094
0.045
0.129
0.096
-0.037
-0.196
-0.295
-0.271
-0.095
0.186
0.429
0.482
0.307
0.005
-0.263
-0.373
-0.286
-0.053
0.194
0.286
0.134
-0.156
-0.343
-0.29
-0.075
0.123
0.219
0.232
0.174
0.027
-0.171
-0.303
-0.274
-0.101
0.098
0.189
0.116
-0.054
-0.184
-0.17
-0.023
0.15
0.232
0.185
0.065
-0.045
-0.104
-0.104
-0.048
0.052
0.15
0.185
0.126
0
-0.127
-0.183
-0.131
-0.008
0.086
0.064
-0.068
-0.206
-0.22
-0.068
0.161
0.327
0.353
0.264
0.122
-0.026
-0.149
-0.213
-0.19
-0.083
0.044
0.102
0.042
-0.094
-0.198
-0.175
-0.011
0.207
0.344
0.327
0.2
0.057
-0.057
-0.151
-0.217
-0.209
-0.108
0.027
0.103
0.075
-0.013
-0.061
-0.003
0.131
0.233
0.227
0.125
-0.012
-0.128
-0.191
-0.186
-0.119
-0.018
0.08
0.143
0.155
0.107
0.001
-0.119
-0.168
-0.095
0.038
0.104
0.037
-0.099
-0.179
-0.142
-0.027
0.088
0.163
0.195
0.174
0.068
-0.119
-0.296
-0.339
-0.204
0.026
0.205
0.237
0.126
-0.045
-0.168
-0.167
-0.033
0.165
0.301
0.28
0.117
-0.08
-0.211
-0.25
-0.217
-0.126
0.016
0.171
0.268
0.239
0.092
-0.079
-0.168
-0.149
-0.075
-0.01
0.026
0.038
0.025
-0.017
-0.066
-0.086
-0.063
-0.011
0.045
0.087
0.091
0.028
-0.099
-0.227
-0.262
-0.165
0.008
0.154
0.211
0.19
0.121
-0.002
-0.18
-0.339
-0.362
-0.205
0.036
0.213
0.245
0.142
-0.032
-0.182
-0.212
-0.085
0.125
0.283
0.303
0.195
0.019
-0.172
-0.324
-0.36
-0.216
0.064
0.317
0.379
0.233
0.016
-0.118
-0.125
-0.071
-0.027
-0.01
-0.005
0.006
0.017
0.016
0.006
0.016
0.071
0.151
0.194
0.153
0.035
-0.096
-0.173
-0.179
-0.15
-0.116
-0.074
-0.017
0.047
0.103
0.135
0.121
0.059
-0.001
0
0.051
0.062
-0.029
-0.158
-0.2
-0.107
0.041
0.131
0.129
0.08
0.04
0.035
0.062
0.099
0.111
0.07
-0.012
-0.086
-0.095
-0.039
0.025
0.042
0.028
0.038
0.079
0.1
0.081
0.058
0.059
0.045
-0.026
-0.128
-0.165
-0.075
0.097
0.226
0.212
0.061
-0.111
-0.17
-0.067
0.117
0.242
0.21
0.033
-0.183
-0.306
-0.259
-0.081
0.109
0.2
0.171
0.074
-0.032
-0.108
-0.12
-0.05
0.069
0.154
0.129
-0.004
-0.163
-0.237
-0.166
0.004
0.158
0.205
0.144
0.037
-0.061
-0.114
-0.094
0.004
0.119
0.16
0.093
-0.029
-0.153
-0.258
-0.297
-0.184
0.086
0.348
0.393
0.188
-0.097
-0.264
-0.252
-0.125
0.013
0.082
0.067
0.014
-0.016
-0.001
0.026
0.013
-0.045
-0.104
-0.116
-0.087
-0.062
-0.064
-0.061
-0.01
0.075
0.134
0.128
0.084
0.058
0.056
0.043
-0.008
-0.091
-0.175
-0.202
-0.122
0.041
0.167
0.142
-0.013
-0.154
-0.16
-0.027
0.157
0.288
0.291
0.162
-0.013
-0.13
-0.168
-0.182
-0.19
-0.142
-0.007
0.149
0.212
0.145
0.019
-0.071
-0.103
-0.11
-0.113
-0.11
-0.1
-0.07
0.017
0.153
0.238
0.181
0.022
-0.1
-0.102
-0.027
0.031
0.016
-0.071
-0.172
-0.193
-0.085
0.084
0.203
0.227
0.202
0.16
0.071
-0.086
-0.25
-0.308
-0.209
-0.011
0.165
0.218
0.113
-0.095
-0.28
-0.315
-0.164
0.081
0.277
0.331
0.245
0.074
-0.121
-0.284
-0.358
-0.303
-0.14
0.05
0.182
0.204
0.11
-0.047
-0.165
-0.157
-0.032
0.106
0.14
0.043
-0.113
-0.205
-0.151
0.013
0.148
0.152
0.07
0.01
-0.009
-0.058
-0.148
-0.193
-0.127
0.011
0.125
0.146
0.069
-0.041
-0.088
-0.025
0.091
0.148
0.088
-0.047
-0.179
-0.24
-0.2
-0.093
-0.004
0.021
0.011
0.005
-0.01
-0.056
-0.097
-0.072
0.026
0.124
0.14
0.065
-0.039
-0.09
-0.057
0.019
0.068
0.043
-0.042
-0.13
-0.155
-0.086
0.037
0.124
0.115
0.038
-0.039
-0.084
-0.102
-0.08
0.016
0.172
0.305
0.312
0.16
-0.079
-0.281
-0.342
-0.246
-0.062
0.112
0.209
0.22
0.161
0.053
-0.068
-0.145
-0.126
0.004
0.19
0.314
0.258
0.004
-0.315
-0.492
-0.404
-0.11
0.208
0.384
0.355
0.169
-0.066
-0.233
-0.265
-0.165
0.008
0.186
0.306
0.309
0.161
-0.096
-0.33
-0.389
-0.211
0.101
0.35
0.398
0.262
0.076
-0.039
-0.081
-0.112
-0.142
-0.106
0.023
0.154
0.164
0.036
-0.117
-0.158
-0.053
0.11
0.205
0.155
-0.019
-0.209
-0.269
-0.128
0.123
0.283
0.237
0.06
-0.077
-0.086
-0.007
0.081
0.135
0.137
0.068
-0.067
-0.216
-0.301
-0.267
-0.114
0.095
0.258
0.282
0.15
-0.047
-0.165
-0.124
0.024
0.155
0.187
0.125
0.016
-0.098
-0.167
-0.131
0.013
0.175
0.248
0.212
0.121
0.001
-0.15
-0.278
-0.28
-0.132
0.054
0.146
0.119
0.042
-0.005
0.011
0.081
0.154
0.157
0.06
-0.084
-0.188
-0.214
-0.183
-0.12
-0.036
0.046
0.093
0.102
0.101
0.106
0.093
0.038
-0.032
-0.061
-0.036
0.001
0.006
-0.024
-0.066
-0.106
-0.135
-0.137
-0.082
0.034
0.158
0.215
0.165
0.03
-0.122
-0.213
-0.189
-0.054
0.109
0.192
0.15
0.03
-0.072
-0.1
-0.072
-0.041
-0.031
-0.038
-0.058
-0.092
-0.112
-0.071
0.034
0.137
0.182
0.171
0.128
0.049
-0.059
-0.135
-0.114
-0.02
0.03
-0.041
-0.175
-0.223
-0.1
0.122
0.285
0.283
0.144
-0.025
-0.137
-0.163
-0.111
-0.006
0.091
0.111
0.032
-0.095
-0.197
-0.227
-0.167
-0.029
0.138
0.249
0.233
0.088
-0.108
-0.242
-0.237
-0.108
0.049
0.14
0.141
0.081
-0.018
-0.142
-0.251
-0.264
-0.132
0.09
0.255
0.241
0.06
-0.154
-0.248
-0.166
0.027
0.204
0.268
0.201
0.071
-0.048
-0.133
-0.198
-0.22
-0.16
-0.04
0.048
0.056
0.024
0
-0.023
-0.063
-0.081
-0.026
0.094
0.208
0.252
0.21
0.106
-0.021
-0.127
-0.18
-0.174
-0.131
-0.08
-0.051
-0.06
-0.089
-0.081
0.001
0.11
0.144
0.071
-0.012
-0.001
0.09
0.141
0.063
-0.111
-0.273
-0.323
-0.232
-0.045
0.149
0.265
0.252
0.114
-0.078
-0.222
-0.239
-0.125
0.046
0.17
0.187
0.1
-0.041
-0.173
-0.238
-0.199
-0.076
0.057
0.122
0.092
-0.001
-0.086
-0.103
-0.04
0.054
0.123
0.146
0.132
0.083
-0.004
-0.099
-0.149
-0.135
-0.083
-0.028
0.007
-0.001
-0.064
-0.15
-0.19
-0.122
0.04
0.206
0.278
0.236
0.142
0.058
-0.011
-0.081
-0.133
-0.136
-0.1
-0.06
-0.026
0.019
0.071
0.101
0.102
0.109
0.133
0.128
0.057
-0.033
-0.05
0.016
0.068
0.03
-0.053
-0.081
-0.028
0.047
0.091
0.088
0.029
-0.086
-0.192
-0.18
-0.016
0.194
0.303
0.25
0.089
-0.084
-0.193
-0.207
-0.131
0.011
0.168
0.265
0.236
0.082
-0.115
-0.243
-0.238
-0.118
0.046
0.179
0.238
0.215
0.12
-0.009
-0.104
-0.107
-0.027
0.065
0.108
0.097
0.054
-0.016
-0.11
-0.176
-0.142
-0.005
0.143
0.196
0.143
0.051
-0.029
-0.095
-0.14
-0.121
-0.011
0.136
0.224
0.21
0.124
0.01
-0.118
-0.237
-0.279
-0.188
0.001
0.17
0.223
0.152
0.016
-0.12
-0.196
-0.18
-0.076
0.073
0.19
0.209
0.125
0.003
-0.092
-0.154
-0.204
-0.206
-0.109
0.053
0.167
0.167
0.091
0.003
-0.077
-0.134
-0.119
-0.013
0.12
0.177
0.115
-0.019
-0.148
-0.224
-0.23
-0.162
-0.026
0.122
0.196
0.152
0.027
-0.102
-0.177
-0.168
-0.069
0.085
0.217
0.259
0.192
0.054
-0.106
-0.238
-0.293
-0.246
-0.116
0.043
0.165
0.195
0.114
-0.034
-0.142
-0.113
0.037
0.187
0.225
0.155
0.059
-0.005
-0.042
-0.08
-0.126
-0.161
-0.156
-0.092
0.007
0.081
0.089
0.049
0.02
0.027
0.038
0.025
0.016
0.044
0.089
0.098
0.054
-0.027
-0.132
-0.232
-0.258
-0.153
0.038
0.179
0.18
0.074
-0.047
-0.121
-0.133
-0.078
0.044
0.195
0.297
0.273
0.104
-0.136
-0.318
-0.335
-0.17
0.079
0.247
0.224
0.052
-0.125
-0.199
-0.159
-0.039
0.112
0.23
0.248
0.174
0.084
0.031
-0.018
-0.104
-0.189
-0.188
-0.09
0.014
0.029
-0.041
-0.112
-0.126
-0.084
-0.01
0.077
0.148
0.166
0.121
0.035
-0.072
-0.174
-0.217
-0.164
-0.062
-0.013
-0.059
-0.128
-0.114
0.005
0.141
0.203
0.175
0.105
0.039
-0.008
-0.032
-0.037
-0.03
-0.022
-0.022
-0.031
-0.036
-0.023
0.008
0.045
0.076
0.101
0.115
0.093
0.016
-0.078
-0.111
-0.048
0.052
0.106
0.096
0.075
0.076
0.057
-0.032
-0.158
-0.218
-0.155
-0.024
0.066
0.066
0.007
-0.054
-0.085
-0.068
0.019
0.168
0.308
0.332
0.195
-0.039
-0.259
-0.378
-0.36
-0.212
-0.002
0.157
0.176
0.065
-0.07
-0.115
-0.029
0.14
0.291
0.327
0.217
0.009
-0.196
-0.294
-0.24
-0.083
0.078
0.165
0.166
0.105
0.02
-0.045
-0.056
-0.014
0.052
0.095
0.076
0.004
-0.066
-0.08
-0.035
0.048
0.154
0.252
0.257
0.106
-0.132
-0.288
-0.256
-0.092
0.055
0.093
0.04
-0.023
-0.037
-0.005
0.034
0.072
0.13
0.194
0.2
0.092
-0.102
-0.269
-0.299
-0.18
0.004
0.147
0.2
0.163
0.058
-0.069
-0.148
-0.119
0.011
0.153
0.201
0.117
-0.059
-0.243
-0.346
-0.297
-0.089
0.187
0.374
0.358
0.156
-0.097
-0.253
-0.25
-0.134
-0.004
0.071
0.088
0.08
0.06
0.021
-0.031
-0.063
-0.048
0
0.035
0.026
-0.016
-0.059
-0.086
-0.095
-0.088
-0.07
-0.044
-0.008
0.049
0.124
0.185
0.179
0.076
-0.074
-0.168
-0.141
-0.03
0.062
0.068
-0.002
-0.095
-0.164
-0.175
-0.112
0.014
0.148
0.217
0.173
0.018
-0.184
-0.319
-0.279
-0.071
0.166
0.267
0.178
-0.025
-0.221
-0.316
-0.272
-0.126
0.029
0.113
0.12
0.082
0.024
-0.035
-0.063
-0.049
-0.018
0.019
0.088
0.192
0.245
0.151
-0.073
-0.291
-0.374
-0.299
-0.132
0.037
0.154
0.198
0.161
0.059
-0.041
-0.044
0.079
0.24
0.305
0.209
0.009
-0.182
-0.285
-0.285
-0.194
-0.039
0.117
0.193
0.143
0.001
-0.139
-0.191
-0.125
0.019
0.165
0.245
0.215
0.071
-0.126
-0.266
-0.259
-0.113
0.071
0.185
0.178
0.065
-0.09
-0.197
-0.182
-0.038
0.157
0.275
0.225
0.032
-0.171
-0.241
-0.13
0.066
0.186
0.147
0.006
-0.128
-0.212
-0.237
-0.169
0.014
0.233
0.357
0.327
0.189
0.021
-0.116
-0.171
-0.119
0.008
0.125
0.154
0.074
-0.073
-0.205
-0.232
-0.12
0.073
0.231
0.266
0.163
-0.013
-0.16
-0.202
-0.145
-0.048
0.04
0.092
0.09
0.019
-0.099
-0.197
-0.209
-0.126
0.001
0.113
0.165
0.134
0.027
-0.108
-0.202
-0.19
-0.056
0.133
0.26
0.249
0.123
-0.035
-0.167
-0.245
-0.23
-0.089
0.126
0.264
0.207
0.002
-0.177
-0.192
-0.055
0.109
0.191
0.177
0.111
0.027
-0.078
-0.195
-0.273
-0.248
-0.105
0.092
0.239
0.249
0.11
-0.103
-0.259
-0.258
-0.106
0.091
0.21
0.186
0.05
-0.102
-0.177
-0.148
-0.049
0.066
0.15
0.165
0.085
-0.069
-0.203
-0.216
-0.103
0.04
0.106
0.079
0.024
0.008
0.044
0.092
0.107
0.08
0.036
0.004
-0.008
-0.016
-0.035
-0.067
-0.093
-0.09
-0.046
0.016
0.056
0.054
0.023
-0.005
-0.01
0.015
0.055
0.069
0.032
-0.031
-0.068
-0.065
-0.052
-0.051
-0.047
-0.007
0.071
0.15
0.178
0.132
0.031
-0.076
-0.135
-0.114
-0.026
0.082
0.153
0.15
0.066
-0.064
-0.175
-0.19
-0.061
0.164
0.338
0.32
0.103
-0.172
-0.33
-0.291
-0.099
0.138
0.307
0.329
0.199
0.004
-0.139
-0.173
-0.121
-0.036
0.045
0.095
0.087
0.016
-0.082
-0.145
-0.128
-0.048
0.036
0.077
0.064
0.022
-0.021
-0.042
-0.037
-0.026
-0.035
-0.065
-0.078
-0.042
0.019
0.037
-0.007
-0.044
0.006
0.116
0.179
0.128
0.013
-0.079
-0.114
-0.105
-0.066
-0.006
0.063
0.131
0.179
0.159
0.033
-0.149
-0.253
-0.186
0
0.148
0.149
0.026
-0.112
-0.168
-0.113
0.013
0.131
0.18
0.145
0.053
-0.062
-0.169
-0.235
-0.215
-0.09
0.085
0.191
0.146
-0.025
-0.214
-0.298
-0.21
0.012
0.228
0.289
0.167
-0.033
-0.17
-0.182
-0.1
0.005
0.081
0.11
0.09
0.018
-0.091
-0.18
-0.17
-0.034
0.146
0.237
0.169
-0.003
-0.157
-0.204
-0.135
0.005
0.151
0.243
0.228
0.085
-0.133
-0.318
-0.379
-0.293
-0.1
0.136
0.334
0.41
0.312
0.068
-0.208
-0.369
-0.334
-0.142
0.08
0.216
0.224
0.126
-0.032
-0.182
-0.233
-0.131
0.078
0.268
0.332
0.25
0.068
-0.139
-0.275
-0.26
-0.092
0.121
0.251
0.246
0.134
-0.027
-0.168
-0.203
-0.093
0.088
0.195
0.157
0.038
-0.052
-0.083
-0.094
-0.11
-0.104
-0.049
0.036
0.103
0.12
0.08
-0.004
-0.097
-0.148
-0.142
-0.107
-0.07
-0.025
0.032
0.07
0.073
0.077
0.118
0.151
0.106
-0.001
-0.073
-0.069
-0.044
-0.044
-0.036
0.018
0.077
0.061
-0.027
-0.084
-0.021
0.12
0.208
0.165
0.041
-0.053
-0.068
-0.036
-0.004
0.024
0.054
0.066
0.038
-0.014
-0.057
-0.077
-0.077
-0.046
0.035
0.13
0.159
0.074
-0.076
-0.185
-0.184
-0.081
0.055
0.144
0.152
0.101
0.023
-0.073
-0.167
-0.206
-0.154
-0.051
0.01
-0.014
-0.062
-0.047
0.059
0.193
0.256
0.19
0.017
-0.166
-0.251
-0.197
-0.068
0.03
0.044
0.008
-0.021
-0.016
0.021
0.093
0.185
0.247
0.223
0.107
-0.043
-0.146
-0.158
-0.092
-0.012
0.016
-0.023
-0.08
-0.079
-0.002
0.091
0.137
0.139
0.133
0.118
0.054
-0.064
-0.171
-0.197
-0.143
-0.051
0.041
0.103
0.101
0.042
-0.007
0.007
0.053
0.049
-0.033
-0.115
-0.1
0.015
0.146
0.213
0.197
0.122
0.026
-0.048
-0.092
-0.13
-0.16
-0.139
-0.054
0.019
0.004
-0.073
-0.113
-0.058
0.059
0.182
0.271
0.288
0.204
0.044
-0.11
-0.193
-0.206
-0.182
-0.126
-0.028
0.088
0.155
0.116
-0.009
-0.134
-0.157
-0.038
0.158
0.284
0.226
0.023
-0.169
-0.234
-0.177
-0.064
0.06
0.164
0.21
0.182
0.1
-0.008
-0.123
-0.199
-0.17
-0.024
0.143
0.209
0.142
0.007
-0.105
-0.144
-0.098
0.001
0.081
0.073
-0.03
-0.152
-0.213
-0.186
-0.094
0.033
0.16
0.226
0.176
0.024
-0.125
-0.16
-0.058
0.087
0.131
0.006
-0.213
-0.352
-0.285
-0.043
0.226
0.372
0.343
0.179
-0.032
-0.203
-0.275
-0.222
-0.061
0.137
0.264
0.241
0.083
-0.111
-0.232
-0.215
-0.064
0.144
0.277
0.239
0.057
-0.132
-0.213
-0.192
-0.129
-0.041
0.081
0.186
0.188
0.075
-0.058
-0.112
-0.08
-0.022
0
-0.029
-0.085
-0.131
-0.137
-0.086
0.005
0.07
0.051
-0.007
0.007
0.127
0.23
0.179
-0.017
-0.216
-0.286
-0.199
-0.026
0.12
0.162
0.116
0.044
-0.018
-0.077
-0.128
-0.132
-0.059
0.07
0.194
0.235
0.152
-0.022
-0.18
-0.223
-0.137
-0.003
0.089
0.111
0.095
0.078
0.068
0.043
-0.005
-0.054
-0.061
-0.021
0.014
-0.013
-0.096
-0.153
-0.1
0.061
0.228
0.281
0.182
-0.003
-0.154
-0.189
-0.122
-0.039
-0.01
-0.035
-0.059
-0.034
0.017
0.026
-0.028
-0.079
-0.039
0.083
0.182
0.166
0.045
-0.093
-0.155
-0.109
0.004
0.096
0.093
-0.003
-0.117
-0.159
-0.08
0.088
0.243
0.282
0.175
-0.025
-0.221
-0.336
-0.338
-0.232
-0.034
0.202
0.355
0.298
0.044
-0.218
-0.293
-0.175
-0.01
0.078
0.077
0.026
-0.034
-0.059
-0.025
0.047
0.104
0.118
0.094
0.042
-0.041
-0.143
-0.229
-0.244
-0.153
0.026
0.207
0.282
0.204
0.021
-0.148
-0.198
-0.103
0.065
0.184
0.178
0.056
-0.115
-0.254
-0.301
-0.234
-0.077
0.115
0.275
0.345
0.276
0.072
-0.165
-0.287
-0.22
-0.047
0.087
0.118
0.084
0.03
-0.038
-0.108
-0.133
-0.076
0.035
0.129
0.14
0.053
-0.09
-0.218
-0.265
-0.188
0.008
0.236
0.367
0.332
0.174
-0.002
-0.126
-0.18
-0.18
-0.143
-0.09
-0.033
0.02
0.052
0.046
0.025
0.038
0.103
0.168
0.161
0.068
-0.058
-0.145
-0.161
-0.117
-0.051
0.005
0.046
0.091
0.135
0.141
0.082
0
-0.03
0.023
0.108
0.142
0.069
-0.084
-0.211
-0.212
-0.09
0.045
0.101
0.091
0.069
0.047
0.01
-0.023
-0.012
0.042
0.094
0.11
0.083
0.013
-0.079
-0.132
-0.075
0.083
0.23
0.246
0.117
-0.047
-0.138
-0.138
-0.102
-0.067
-0.026
0.03
0.086
0.13
0.156
0.152
0.093
-0.012
-0.102
-0.124
-0.087
-0.051
-0.046
-0.039
0.005
0.061
0.077
0.043
-0.003
-0.026
-0.015
0.025
0.069
0.07
0.014
-0.031
0.016
0.12
0.143
0.005
-0.199
-0.308
-0.261
-0.124
0.028
0.156
0.223
0.185
0.063
-0.047
-0.072
-0.043
-0.022
0.004
0.073
0.141
0.11
-0.029
-0.165
-0.183
-0.078
0.064
0.149
0.134
0.042
-0.063
-0.114
-0.089
-0.024
0.025
0.027
0.002
-0.015
-0.014
-0.02
-0.058
-0.112
-0.139
-0.109
-0.022
0.081
0.136
0.105
0.016
-0.069
-0.105
-0.076
0.014
0.131
0.215
0.219
0.145
0.013
-0.16
-0.321
-0.36
-0.212
0.054
0.276
0.34
0.239
0.039
-0.151
-0.216
-0.112
0.075
0.195
0.179
0.065
-0.083
-0.222
-0.289
-0.216
-0.008
0.225
0.353
0.315
0.14
-0.103
-0.313
-0.373
-0.217
0.08
0.329
0.376
0.216
-0.029
-0.22
-0.281
-0.21
-0.058
0.097
0.182
0.146
-0.011
-0.217
-0.35
-0.308
-0.095
0.181
0.372
0.389
0.244
0.034
-0.13
-0.194
-0.171
-0.104
-0.037
-0.004
-0.016
-0.052
-0.073
-0.058
-0.009
0.058
0.12
0.147
0.122
0.069
0.025
-0.01
-0.068
-0.144
-0.18
-0.136
-0.037
0.064
0.133
0.148
0.083
-0.036
-0.121
-0.112
-0.051
-0.024
-0.055
-0.085
-0.056
0.023
0.097
0.119
0.085
0.019
-0.043
-0.07
-0.057
-0.038
-0.052
-0.089
-0.103
-0.077
-0.043
-0.021
0.015
0.093
0.184
0.214
0.133
-0.027
-0.171
-0.217
-0.15
-0.027
0.063
0.061
-0.009
-0.069
-0.067
-0.021
0.031
0.091
0.17
0.23
0.196
0.039
-0.179
-0.332
-0.321
-0.145
0.088
0.231
0.201
0.027
-0.176
-0.281
-0.222
-0.029
0.185
0.292
0.231
0.041
-0.166
-0.267
-0.2
-0.009
0.194
0.306
0.281
0.121
-0.119
-0.326
-0.377
-0.241
-0.009
0.177
0.228
0.152
0.032
-0.046
-0.053
-0.015
0.033
0.075
0.095
0.066
-0.019
-0.112
-0.143
-0.09
-0.004
0.056
0.071
0.053
0.004
-0.05
-0.048
0.036
0.125
0.119
0.011
-0.113
-0.175
-0.158
-0.078
0.033
0.114
0.107
0.022
-0.056
-0.06
-0.001
0.058
0.089
0.098
0.084
0.028
-0.063
-0.131
-0.115
-0.024
0.085
0.169
0.213
0.202
0.113
-0.042
-0.198
-0.274
-0.237
-0.123
0.005
0.102
0.153
0.139
0.048
-0.089
-0.185
-0.172
-0.062
0.079
0.193
0.226
0.137
-0.055
-0.241
-0.304
-0.215
-0.035
0.152
0.276
0.271
0.106
-0.145
-0.32
-0.296
-0.104
0.13
0.29
0.316
0.184
-0.071
-0.313
-0.374
-0.203
0.085
0.311
0.353
0.203
-0.054
-0.275
-0.337
-0.219
-0.01
0.181
0.284
0.279
0.167
-0.01
-0.167
-0.225
-0.173
-0.068
0.022
0.056
0.023
-0.053
-0.109
-0.082
0.028
0.147
0.195
0.154
0.073
0.01
-0.009
-0.003
-0.019
-0.086
-0.167
-0.193
-0.125
0.001
0.114
0.167
0.147
0.062
-0.049
-0.116
-0.084
0.031
0.154
0.22
0.197
0.078
-0.097
-0.223
-0.199
-0.034
0.152
0.242
0.206
0.08
-0.08
-0.21
-0.248
-0.168
-0.006
0.16
0.25
0.227
0.106
-0.042
-0.139
-0.139
-0.055
0.056
0.124
0.097
-0.019
-0.154
-0.222
-0.194
-0.09
0.049
0.184
0.267
0.252
0.133
-0.044
-0.19
-0.233
-0.165
-0.04
0.073
0.131
0.122
0.061
-0.022
-0.081
-0.082
-0.017
0.092
0.195
0.229
0.156
0.001
-0.147
-0.202
-0.144
-0.032
0.058
0.093
0.094
0.077
0.035
-0.035
-0.1
-0.123
-0.098
-0.042
0.026
0.081
0.083
0.011
-0.086
-0.12
-0.058
0.044
0.105
0.101
0.061
0.018
-0.037
-0.117
-0.205
-0.247
-0.208
-0.098
0.034
0.143
0.209
0.225
0.178
0.069
-0.06
-0.146
-0.159
-0.114
-0.038
0.041
0.089
0.062
-0.042
-0.159
-0.196
-0.102
0.081
0.254
0.329
0.278
0.121
-0.09
-0.269
-0.323
-0.213
0.002
0.2
0.287
0.238
0.082
-0.118
-0.258
-0.248
-0.093
0.085
0.16
0.108
-0.002
-0.096
-0.146
-0.133
-0.034
0.137
0.292
0.323
0.201
0.002
-0.163
-0.232
-0.217
-0.157
-0.08
0
0.071
0.117
0.13
0.116
0.091
0.066
0.041
0.022
0.017
0.011
-0.031
-0.107
-0.16
-0.142
-0.07
0.006
0.059
0.096
0.123
0.133
0.119
0.074
-0.005
-0.1
-0.173
-0.183
-0.127
-0.037
0.04
0.086
0.11
0.121
0.113
0.074
0.024
-0.007
-0.012
-0.009
-0.019
-0.044
-0.071
-0.071
-0.023
0.061
0.127
0.139
0.108
0.072
0.053
0.036
0.004
-0.051
-0.12
-0.172
-0.156
-0.045
0.101
0.176
0.138
0.048
-0.006
-0.007
0.002
0
0.007
0.034
0.045
-0.003
-0.095
-0.162
-0.17
-0.142
-0.103
-0.032
0.077
0.156
0.124
-0.001
-0.12
-0.156
-0.1
0.017
0.147
0.225
0.193
0.056
-0.103
-0.175
-0.114
0.014
0.099
0.085
-0.001
-0.087
-0.112
-0.041
0.103
0.238
0.273
0.177
0.011
-0.125
-0.148
-0.053
0.071
0.1
0
-0.124
-0.143
-0.056
0.031
0.055
0.051
0.059
0.059
0.017
-0.047
-0.066
-0.022
0.035
0.046
0.019
-0.011
-0.043
-0.095
-0.146
-0.139
-0.057
0.049
0.109
0.098
0.025
-0.09
-0.202
-0.237
-0.14
0.055
0.249
0.346
0.307
0.144
-0.078
-0.246
-0.263
-0.129
0.057
0.181
0.191
0.104
-0.01
-0.077
-0.071
-0.028
0.027
0.113
0.217
0.24
0.097
-0.142
-0.301
-0.268
-0.092
0.097
0.196
0.173
0.064
-0.058
-0.13
-0.131
-0.082
-0.007
0.076
0.143
0.159
0.104
-0.007
-0.128
-0.213
-0.229
-0.158
-0.006
0.173
0.285
0.258
0.103
-0.097
-0.251
-0.297
-0.204
0.004
0.23
0.334
0.246
0.033
-0.151
-0.198
-0.119
-0.001
0.089
0.135
0.131
0.059
-0.069
-0.187
-0.221
-0.149
-0.009
0.133
0.218
0.223
0.164
0.074
-0.026
-0.127
-0.192
-0.164
-0.049
0.055
0.05
-0.047
-0.133
-0.138
-0.08
-0.016
0.031
0.078
0.138
0.192
0.21
0.176
0.093
-0.028
-0.153
-0.222
-0.19
-0.07
0.077
0.179
0.179
0.06
-0.114
-0.215
-0.162
-0.018
0.082
0.09
0.078
0.102
0.107
0.024
-0.114
-0.198
-0.165
-0.056
0.046
0.089
0.068
-0.005
-0.106
-0.197
-0.227
-0.157
-0.002
0.169
0.27
0.25
0.103
-0.124
-0.325
-0.387
-0.263
-0.023
0.197
0.267
0.15
-0.059
-0.196
-0.165
-0.029
0.081
0.113
0.104
0.085
0.035
-0.053
-0.125
-0.121
-0.049
0.037
0.1
0.126
0.096
-0.003
-0.126
-0.193
-0.153
-0.039
0.072
0.12
0.088
0
-0.089
-0.123
-0.088
-0.021
0.037
0.077
0.087
0.04
-0.064
-0.168
-0.2
-0.14
-0.026
0.079
0.13
0.127
0.093
0.033
-0.058
-0.149
-0.176
-0.113
-0.019
0.025
0.013
0.002
0.017
0.017
-0.028
-0.068
-0.032
0.076
0.176
0.187
0.084
-0.084
-0.214
-0.215
-0.095
0.052
0.141
0.164
0.14
0.065
-0.054
-0.155
-0.155
-0.043
0.11
0.209
0.196
0.073
-0.106
-0.257
-0.288
-0.152
0.099
0.32
0.37
0.223
-0.017
-0.215
-0.286
-0.224
-0.072
0.103
0.231
0.248
0.121
-0.101
-0.283
-0.288
-0.093
0.178
0.348
0.306
0.082
-0.184
-0.333
-0.285
-0.083
0.16
0.331
0.349
0.202
-0.027
-0.206
-0.252
-0.18
-0.047
0.091
0.176
0.147
-0.008
-0.202
-0.293
-0.206
-0.002
0.193
0.293
0.284
0.184
0.028
-0.123
-0.203
-0.176
-0.056
0.093
0.185
0.165
0.035
-0.142
-0.27
-0.263
-0.11
0.1
0.24
0.238
0.114
-0.051
-0.163
-0.166
-0.074
0.03
0.072
0.049
0.008
-0.024
-0.054
-0.086
-0.087
-0.02
0.097
0.172
0.121
-0.037
-0.185
-0.208
-0.086
0.105
0.246
0.258
0.136
-0.06
-0.237
-0.307
-0.219
-0.01
0.19
0.252
0.146
-0.034
-0.157
-0.153
-0.052
0.071
0.153
0.171
0.118
0.008
-0.106
-0.156
-0.125
-0.056
0.005
0.04
0.041
0.007
-0.03
-0.025
0.03
0.091
0.125
0.136
0.124
0.069
-0.038
-0.161
-0.238
-0.226
-0.116
0.07
0.271
0.389
0.337
0.124
-0.131
-0.277
-0.242
-0.077
0.093
0.174
0.162
0.114
0.062
-0.003
-0.072
-0.093
-0.021
0.107
0.19
0.141
-0.035
-0.235
-0.322
-0.215
0.039
0.291
0.388
0.286
0.072
-0.119
-0.209
-0.199
-0.117
0.016
0.158
0.228
0.164
-0.025
-0.252
-0.402
-0.382
-0.167
0.154
0.417
0.486
0.345
0.083
-0.18
-0.357
-0.401
-0.297
-0.077
0.162
0.299
0.269
0.098
-0.108
-0.228
-0.188
-0.016
0.163
0.221
0.13
-0.025
-0.152
-0.219
-0.223
-0.138
0.046
0.256
0.357
0.272
0.049
-0.188
-0.337
-0.344
-0.198
0.04
0.228
0.241
0.088
-0.101
-0.213
-0.231
-0.19
-0.101
0.027
0.145
0.174
0.094
-0.025
-0.092
-0.086
-0.053
-0.041
-0.057
-0.067
-0.039
0.017
0.055
0.039
-0.009
-0.044
-0.043
-0.023
-0.011
-0.029
-0.077
-0.117
-0.092
0.023
0.165
0.231
0.165
0.015
-0.113
-0.143
-0.084
-0.002
0.04
0.03
0
-0.017
-0.007
0.023
0.061
0.094
0.107
0.089
0.038
-0.029
-0.081
-0.085
-0.038
0.029
0.065
0.045
-0.011
-0.057
-0.072
-0.068
-0.048
0.005
0.095
0.187
0.23
0.2
0.091
-0.075
-0.226
-0.273
-0.178
0.003
0.161
0.214
0.151
0.032
-0.053
-0.057
-0.007
0.034
0.04
0.039
0.047
0.032
-0.031
-0.088
-0.052
0.069
0.168
0.161
0.071
-0.033
-0.127
-0.206
-0.226
-0.137
0.043
0.223
0.306
0.25
0.094
-0.06
-0.115
-0.055
0.058
0.14
0.149
0.085
-0.034
-0.176
-0.273
-0.242
-0.068
0.159
0.306
0.306
0.185
0.024
-0.088
-0.086
0.013
0.125
0.16
0.085
-0.073
-0.235
-0.298
-0.203
0.013
0.232
0.344
0.304
0.124
-0.131
-0.336
-0.359
-0.158
0.15
0.357
0.327
0.11
-0.116
-0.209
-0.151
-0.009
0.114
0.129
0.018
-0.131
-0.227
-0.258
-0.243
-0.143
0.07
0.308
0.41
0.312
0.102
-0.085
-0.174
-0.166
-0.092
0.002
0.062
0.05
-0.015
-0.066
-0.051
0.017
0.088
0.135
0.158
0.151
0.093
-0.014
-0.121
-0.161
-0.094
0.047
0.166
0.173
0.077
-0.02
-0.028
0.035
0.076
0.027
-0.078
-0.137
-0.083
0.043
0.139
0.142
0.072
-0.005
-0.045
-0.043
-0.018
0.015
0.032
0.008
-0.059
-0.128
-0.152
-0.133
-0.108
-0.084
-0.023
0.092
0.209
0.253
0.206
0.115
0.021
-0.083
-0.196
-0.268
-0.231
-0.082
0.101
0.207
0.179
0.045
-0.102
-0.168
-0.111
0.022
0.141
0.176
0.124
0.033
-0.044
-0.077
-0.057
0.002
0.077
0.136
0.136
0.05
-0.098
-0.222
-0.233
-0.112
0.086
0.256
0.308
0.208
0.008
-0.183
-0.261
-0.196
-0.048
0.086
0.146
0.12
0.018
-0.123
-0.228
-0.23
-0.126
0.013
0.108
0.109
0.01
-0.125
-0.178
-0.089
0.064
0.14
0.083
-0.039
-0.133
-0.155
-0.101
0.005
0.104
0.121
0.036
-0.086
-0.168
-0.192
-0.172
-0.096
0.038
0.174
0.225
0.167
0.062
-0.019
-0.05
-0.037
-0.006
-0.014
-0.099
-0.202
-0.194
-0.042
0.113
0.118
-0.008
-0.105
-0.081
0.006
0.06
0.059
0.015
-0.056
-0.105
-0.069
0.034
0.106
0.094
0.052
0.036
0.015
-0.058
-0.151
-0.195
-0.179
-0.134
-0.07
0.015
0.072
0.048
-0.029
-0.068
-0.025
0.056
0.12
0.147
0.129
0.049
-0.086
-0.208
-0.244
-0.181
-0.053
0.097
0.224
0.27
0.204
0.067
-0.055
-0.093
-0.05
0.011
0.014
-0.051
-0.115
-0.111
-0.043
0.027
0.046
0.011
-0.032
-0.028
0.037
0.116
0.137
0.073
-0.029
-0.088
-0.052
0.051
0.14
0.158
0.105
0.011
-0.102
-0.208
-0.263
-0.232
-0.121
0.025
0.146
0.194
0.157
0.073
0.009
0.018
0.097
0.181
0.183
0.073
-0.095
-0.226
-0.263
-0.205
-0.088
0.048
0.171
0.24
0.222
0.121
0
-0.053
0.001
0.11
0.165
0.101
-0.047
-0.177
-0.211
-0.155
-0.057
0.049
0.138
0.155
0.067
-0.07
-0.15
-0.131
-0.058
0.023
0.096
0.135
0.099
-0.004
-0.087
-0.061
0.064
0.179
0.179
0.052
-0.124
-0.25
-0.272
-0.183
-0.014
0.167
0.271
0.253
0.15
0.044
-0.02
-0.04
-0.023
0.03
0.081
0.069
-0.026
-0.141
-0.181
-0.115
0.001
0.082
0.089
0.053
0.024
0.031
0.062
0.075
0.043
-0.01
-0.029
0.012
0.054
0.011
-0.132
-0.274
-0.299
-0.189
-0.021
0.128
0.212
0.198
0.078
-0.088
-0.197
-0.194
-0.104
0.025
0.15
0.214
0.165
0.013
-0.166
-0.273
-0.245
-0.083
0.13
0.262
0.225
0.055
-0.126
-0.21
-0.161
-0.008
0.178
0.303
0.301
0.162
-0.071
-0.305
-0.416
-0.313
-0.025
0.289
0.428
0.297
-0.028
-0.35
-0.483
-0.361
-0.061
0.255
0.427
0.388
0.196
-0.028
-0.189
-0.258
-0.232
-0.123
0.017
0.103
0.08
-0.03
-0.164
-0.252
-0.229
-0.062
0.186
0.358
0.333
0.156
-0.03
-0.134
-0.16
-0.129
-0.041
0.077
0.158
0.153
0.071
-0.041
-0.128
-0.152
-0.1
0.004
0.119
0.197
0.189
0.081
-0.07
-0.168
-0.163
-0.084
0.013
0.089
0.109
0.05
-0.07
-0.185
-0.219
-0.145
-0.005
0.11
0.135
0.073
-0.024
-0.097
-0.104
-0.026
0.109
0.203
0.157
-0.014
-0.177
-0.221
-0.161
-0.073
0.017
0.116
0.188
0.17
0.064
-0.047
-0.094
-0.079
-0.029
0.051
0.153
0.214
0.148
-0.043
-0.227
-0.254
-0.107
0.088
0.193
0.173
0.071
-0.06
-0.169
-0.2
-0.126
0.015
0.145
0.188
0.119
-0.022
-0.143
-0.172
-0.122
-0.07
-0.068
-0.104
-0.138
-0.144
-0.114
-0.037
0.076
0.163
0.15
0.033
-0.103
-0.158
-0.108
0.005
0.122
0.197
0.186
0.082
-0.065
-0.165
-0.162
-0.078
0.008
0.039
0.024
0.014
0.029
0.044
0.039
0.025
0.023
0.033
0.048
0.071
0.093
0.082
0.001
-0.129
-0.227
-0.228
-0.142
-0.023
0.085
0.164
0.197
0.155
0.034
-0.12
-0.211
-0.161
0.014
0.198
0.268
0.173
-0.041
-0.264
-0.374
-0.306
-0.099
0.132
0.283
0.315
0.23
0.05
-0.168
-0.323
-0.32
-0.147
0.11
0.317
0.377
0.28
0.093
-0.087
-0.183
-0.165
-0.066
0.048
0.134
0.171
0.128
-0.018
-0.201
-0.278
-0.16
0.082
0.282
0.324
0.207
-0.004
-0.225
-0.357
-0.32
-0.124
0.107
0.223
0.179
0.045
-0.074
-0.112
-0.057
0.06
0.165
0.179
0.089
-0.039
-0.123
-0.143
-0.13
-0.107
-0.071
-0.014
0.054
0.109
0.129
0.112
0.071
0.024
-0.007
-0.008
0.01
0.025
0.033
0.057
0.099
0.119
0.088
0.031
0.002
0.018
0.054
0.079
0.062
-0.027
-0.172
-0.285
-0.278
-0.141
0.049
0.204
0.275
0.255
0.156
0.008
-0.128
-0.185
-0.133
-0.02
0.062
0.06
-0.011
-0.099
-0.155
-0.146
-0.062
0.061
0.161
0.185
0.132
0.052
-0.008
-0.039
-0.07
-0.108
-0.121
-0.079
-0.001
0.058
0.066
0.032
-0.014
-0.057
-0.099
-0.115
-0.067
0.046
0.155
0.183
0.114
-0.009
-0.126
-0.186
-0.15
-0.01
0.171
0.272
0.195
-0.044
-0.305
-0.419
-0.321
-0.096
0.108
0.212
0.228
0.179
0.058
-0.101
-0.195
-0.127
0.076
0.275
0.335
0.219
-0.023
-0.284
-0.433
-0.372
-0.12
0.183
0.372
0.381
0.255
0.073
-0.099
-0.207
-0.203
-0.075
0.11
0.241
0.235
0.095
-0.104
-0.267
-0.321
-0.235
-0.038
0.189
0.346
0.373
0.26
0.043
-0.202
-0.364
-0.342
-0.129
0.168
0.378
0.372
0.14
-0.19
-0.418
-0.404
-0.178
0.097
0.275
0.322
0.264
0.128
-0.045
-0.172
-0.174
-0.048
0.128
0.249
0.25
0.123
-0.08
-0.261
-0.33
-0.266
-0.132
-0.004
0.08
0.114
0.102
0.067
0.049
0.057
0.056
0.013
-0.05
-0.075
-0.033
0.053
0.129
0.146
0.078
-0.063
-0.21
-0.266
-0.164
0.054
0.253
0.305
0.18
-0.051
-0.274
-0.377
-0.298
-0.073
0.164
0.288
0.261
0.129
-0.046
-0.202
-0.279
-0.239
-0.099
0.07
0.182
0.186
0.084
-0.059
-0.149
-0.127
-0.01
0.131
0.217
0.193
0.05
-0.152
-0.3
-0.31
-0.189
-0.022
0.102
0.144
0.11
0.037
-0.023
-0.034
-0.002
0.046
0.082
0.077
0.003
-0.122
-0.222
-0.23
-0.149
-0.038
0.065
0.158
0.213
0.181
0.064
-0.068
-0.155
-0.182
-0.146
-0.046
0.073
0.12
0.053
-0.063
-0.122
-0.083
0.024
0.161
0.276
0.285
0.132
-0.114
-0.295
-0.316
-0.211
-0.068
0.064
0.163
0.195
0.138
0.031
-0.055
-0.073
-0.024
0.059
0.131
0.137
0.047
-0.103
-0.227
-0.254
-0.174
-0.027
0.135
0.256
0.285
0.209
0.083
-0.018
-0.07
-0.099
-0.106
-0.061
0.021
0.07
0.059
0.04
0.068
0.113
0.105
0.028
-0.066
-0.118
-0.111
-0.058
0.007
0.046
0.045
0.024
0.012
0.022
0.056
0.099
0.119
0.083
0.005
-0.068
-0.11
-0.139
-0.164
-0.149
-0.077
0.012
0.062
0.069
0.075
0.114
0.179
0.223
0.195
0.098
-0.009
-0.078
-0.118
-0.149
-0.149
-0.092
0.006
0.093
0.136
0.128
0.078
0.026
0.016
0.042
0.046
0.001
-0.052
-0.057
-0.004
0.076
0.146
0.166
0.103
-0.033
-0.163
-0.196
-0.124
-0.036
-0.019
-0.059
-0.069
-0.017
0.037
0.037
0.004
-0.004
0.022
0.046
0.041
0.004
-0.057
-0.14
-0.227
-0.271
-0.235
-0.127
0.014
0.152
0.264
0.312
0.251
0.096
-0.054
-0.094
-0.025
0.046
0.02
-0.097
-0.218
-0.274
-0.24
-0.104
0.117
0.319
0.368
0.242
0.066
-0.035
-0.065
-0.088
-0.105
-0.061
0.041
0.12
0.092
-0.036
-0.164
-0.187
-0.086
0.047
0.103
0.055
-0.037
-0.093
-0.087
-0.041
0.017
0.077
0.115
0.095
0.017
-0.047
-0.035
0.024
0.047
0.003
-0.065
-0.121
-0.171
-0.216
-0.209
-0.097
0.095
0.265
0.32
0.244
0.095
-0.048
-0.122
-0.102
-0.011
0.078
0.092
0.019
-0.084
-0.15
-0.148
-0.086
0.022
0.16
0.292
0.345
0.257
0.035
-0.21
-0.332
-0.261
-0.063
0.127
0.206
0.16
0.036
-0.102
-0.189
-0.179
-0.072
0.069
0.156
0.156
0.097
0.015
-0.082
-0.168
-0.175
-0.064
0.096
0.179
0.134
0.031
-0.037
-0.062
-0.087
-0.122
-0.121
-0.061
0.017
0.062
0.063
0.044
0.026
0.015
0.021
0.044
0.071
0.071
0.013
-0.095
-0.194
-0.226
-0.183
-0.105
-0.024
0.059
0.138
0.179
0.154
0.077
-0.022
-0.132
-0.241
-0.297
-0.254
-0.132
-0.002
0.083
0.112
0.087
0.028
-0.035
-0.076
-0.088
-0.064
0.009
0.106
0.145
0.066
-0.092
-0.226
-0.257
-0.16
0.044
0.277
0.409
0.332
0.066
-0.237
-0.405
-0.369
-0.185
0.02
0.132
0.113
0.012
-0.089
-0.137
-0.11
0.008
0.202
0.372
0.375
0.16
-0.158
-0.399
-0.467
-0.37
-0.167
0.074
0.262
0.327
0.273
0.158
0.015
-0.156
-0.307
-0.332
-0.193
0.011
0.137
0.131
0.036
-0.075
-0.119
-0.025
0.179
0.338
0.318
0.146
-0.04
-0.162
-0.23
-0.251
-0.193
-0.051
0.115
0.234
0.271
0.23
0.136
0.044
0.013
0.046
0.077
0.04
-0.043
-0.086
-0.061
-0.041
-0.089
-0.145
-0.084
0.12
0.344
0.428
0.313
0.068
-0.178
-0.317
-0.309
-0.185
-0.022
0.096
0.121
0.072
0.02
0.009
0.024
0.03
0.022
0.015
0.003
-0.037
-0.099
-0.139
-0.116
-0.04
0.034
0.067
0.081
0.123
0.184
0.188
0.082
-0.09
-0.211
-0.2
-0.079
0.057
0.122
0.106
0.055
0.01
-0.013
0.004
0.071
0.164
0.213
0.168
0.047
-0.087
-0.19
-0.249
-0.234
-0.114
0.083
0.245
0.264
0.128
-0.074
-0.223
-0.233
-0.1
0.087
0.2
0.166
0.013
-0.181
-0.335
-0.371
-0.246
0.006
0.259
0.371
0.271
0.011
-0.252
-0.349
-0.227
0.01
0.194
0.233
0.141
-0.01
-0.143
-0.195
-0.139
0.005
0.17
0.253
0.182
-0.012
-0.213
-0.32
-0.315
-0.212
-0.024
0.195
0.323
0.27
0.091
-0.069
-0.119
-0.086
-0.028
0.027
0.068
0.068
0.011
-0.079
-0.158
-0.201
-0.194
-0.124
-0.006
0.103
0.158
0.157
0.112
0.029
-0.069
-0.122
-0.104
-0.067
-0.068
-0.086
-0.061
0.006
0.064
0.088
0.093
0.084
0.051
-0.003
-0.047
-0.052
-0.01
0.064
0.125
0.112
0.015
-0.087
-0.097
-0.002
0.106
0.138
0.088
0
-0.095
-0.17
-0.172
-0.072
0.075
0.161
0.132
0.043
-0.02
-0.033
-0.037
-0.067
-0.101
-0.086
-0.008
0.075
0.069
-0.062
-0.246
-0.333
-0.222
0.037
0.275
0.349
0.24
0.032
-0.176
-0.303
-0.303
-0.192
-0.046
0.06
0.096
0.082
0.054
0.051
0.087
0.136
0.157
0.128
0.052
-0.063
-0.178
-0.21
-0.108
0.063
0.176
0.177
0.122
0.079
0.045
-0.016
-0.099
-0.154
-0.133
-0.033
0.09
0.143
0.059
-0.114
-0.246
-0.236
-0.104
0.046
0.131
0.129
0.059
-0.043
-0.126
-0.147
-0.105
-0.046
-0.017
-0.017
-0.016
0.001
0.012
-0.001
-0.018
-0.012
0.015
0.026
0.001
-0.039
-0.055
-0.029
0.024
0.071
0.087
0.084
0.087
0.103
0.099
0.041
-0.051
-0.11
-0.103
-0.059
-0.03
-0.026
-0.014
0.033
0.098
0.132
0.114
0.067
0.02
-0.027
-0.08
-0.132
-0.163
-0.16
-0.107
-0.002
0.118
0.175
0.107
-0.061
-0.219
-0.261
-0.151
0.061
0.27
0.366
0.298
0.098
-0.147
-0.332
-0.364
-0.207
0.076
0.34
0.442
0.313
0.005
-0.314
-0.436
-0.263
0.092
0.381
0.423
0.231
-0.051
-0.27
-0.339
-0.229
0.02
0.292
0.443
0.39
0.167
-0.123
-0.366
-0.456
-0.326
-0.012
0.318
0.47
0.371
0.115
-0.133
-0.248
-0.206
-0.058
0.108
0.217
0.228
0.133
-0.037
-0.204
-0.278
-0.212
-0.043
0.141
0.256
0.257
0.159
0.033
-0.035
-0.014
0.058
0.119
0.128
0.066
-0.049
-0.151
-0.165
-0.078
0.053
0.177
0.283
0.355
0.334
0.173
-0.075
-0.279
-0.331
-0.214
0.006
0.218
0.312
0.236
0.041
-0.151
-0.236
-0.195
-0.088
0.024
0.114
0.158
0.117
-0.017
-0.178
-0.258
-0.199
-0.031
0.16
0.289
0.291
0.156
-0.056
-0.235
-0.297
-0.228
-0.078
0.073
0.155
0.149
0.093
0.023
-0.045
-0.065
0.026
0.207
0.333
0.276
0.059
-0.171
-0.291
-0.278
-0.165
-0.004
0.141
0.205
0.176
0.093
-0.01
-0.118
-0.186
-0.149
-0.006
0.143
0.185
0.083
-0.107
-0.279
-0.322
-0.181
0.071
0.255
0.224
0.002
-0.241
-0.362
-0.341
-0.228
-0.048
0.176
0.352
0.34
0.096
-0.234
-0.414
-0.32
-0.026
0.273
0.408
0.315
0.05
-0.24
-0.389
-0.303
-0.026
0.287
0.465
0.427
0.217
-0.055
-0.284
-0.395
-0.333
-0.092
0.227
0.431
0.368
0.078
-0.227
-0.351
-0.258
-0.048
0.159
0.27
0.237
0.082
-0.101
-0.214
-0.225
-0.157
-0.043
0.074
0.141
0.118
0.016
-0.107
-0.188
-0.193
-0.124
-0.009
0.1
0.141
0.096
0.012
-0.043
-0.054
-0.052
-0.041
0.013
0.105
0.157
0.093
-0.064
-0.206
-0.23
-0.109
0.092
0.255
0.28
0.165
0.002
-0.109
-0.146
-0.145
-0.114
-0.019
0.129
0.228
0.184
0.031
-0.11
-0.156
-0.123
-0.055
0.021
0.074
0.061
-0.015
-0.092
-0.112
-0.081
-0.025
0.051
0.123
0.123
0.016
-0.14
-0.245
-0.247
-0.146
0.025
0.18
0.206
0.076
-0.091
-0.15
-0.08
0.024
0.064
0.014
-0.081
-0.15
-0.138
-0.06
0.013
0.027
0.005
0.008
0.058
0.105
0.082
-0.016
-0.117
-0.13
-0.037
0.087
0.13
0.04
-0.136
-0.276
-0.265
-0.086
0.156
0.302
0.275
0.134
-0.025
-0.16
-0.26
-0.275
-0.154
0.072
0.265
0.288
0.122
-0.113
-0.25
-0.193
0.02
0.245
0.317
0.177
-0.075
-0.259
-0.257
-0.105
0.07
0.177
0.214
0.208
0.15
0.021
-0.136
-0.216
-0.153
0.016
0.167
0.196
0.08
-0.106
-0.244
-0.236
-0.074
0.135
0.246
0.199
0.057
-0.072
-0.124
-0.092
-0.006
0.086
0.137
0.127
0.062
-0.031
-0.109
-0.125
-0.062
0.04
0.118
0.135
0.087
-0.004
-0.095
-0.136
-0.094
0.016
0.137
0.195
0.154
0.05
-0.032
-0.044
-0.013
0.012
0.02
0.031
0.041
0.032
0.018
0.03
0.065
0.085
0.074
0.051
0.033
0.005
-0.047
-0.096
-0.093
-0.029
0.044
0.065
0.035
0.001
-0.006
-0.001
-0.009
-0.022
-0.016
0.007
0.021
0.005
-0.019
-0.018
0.01
0.044
0.073
0.103
0.104
0.02
-0.14
-0.263
-0.233
-0.056
0.149
0.257
0.216
0.053
-0.142
-0.253
-0.201
-0.016
0.174
0.235
0.129
-0.078
-0.271
-0.346
-0.264
-0.071
0.127
0.24
0.234
0.125
-0.041
-0.188
-0.248
-0.204
-0.079
0.082
0.211
0.226
0.098
-0.105
-0.253
-0.246
-0.081
0.136
0.255
0.197
0.016
-0.163
-0.262
-0.261
-0.158
0.027
0.216
0.3
0.223
0.025
-0.177
-0.262
-0.19
-0.035
0.079
0.085
0.018
-0.035
-0.02
0.037
0.06
-0.012
-0.146
-0.224
-0.149
0.048
0.221
0.24
0.091
-0.116
-0.241
-0.219
-0.086
0.069
0.176
0.207
0.157
0.042
-0.102
-0.22
-0.255
-0.185
-0.031
0.143
0.258
0.248
0.108
-0.075
-0.174
-0.12
0.038
0.186
0.229
0.15
-0.007
-0.169
-0.272
-0.281
-0.184
-0.004
0.183
0.281
0.24
0.098
-0.047
-0.118
-0.101
-0.037
0.028
0.07
0.084
0.066
0.016
-0.048
-0.101
-0.127
-0.119
-0.053
0.067
0.163
0.135
-0.011
-0.155
-0.19
-0.123
-0.023
0.059
0.105
0.107
0.063
-0.011
-0.081
-0.115
-0.096
-0.031
0.049
0.101
0.1
0.057
0.007
-0.012
0.014
0.064
0.095
0.083
0.032
-0.026
-0.07
-0.098
-0.109
-0.088
-0.038
-0.001
-0.017
-0.066
-0.084
-0.022
0.103
0.217
0.224
0.081
-0.146
-0.317
-0.323
-0.157
0.074
0.222
0.195
0.022
-0.178
-0.288
-0.252
-0.085
0.144
0.332
0.389
0.274
0.015
-0.28
-0.444
-0.349
-0.03
0.305
0.441
0.319
0.048
-0.216
-0.37
-0.378
-0.237
0.023
0.3
0.441
0.347
0.07
-0.218
-0.356
-0.286
-0.058
0.205
0.37
0.354
0.155
-0.136
-0.374
-0.441
-0.328
-0.122
0.068
0.171
0.162
0.061
-0.074
-0.156
-0.125
0.009
0.159
0.218
0.145
-0.005
-0.148
-0.24
-0.267
-0.2
-0.036
0.158
0.276
0.273
0.187
0.076
-0.02
-0.067
-0.037
0.064
0.166
0.171
0.034
-0.172
-0.293
-0.223
0
0.236
0.362
0.327
0.144
-0.116
-0.312
-0.309
-0.099
0.164
0.292
0.223
0.039
-0.136
-0.232
-0.23
-0.125
0.053
0.209
0.229
0.084
-0.137
-0.301
-0.339
-0.267
-0.123
0.065
0.254
0.359
0.306
0.119
-0.089
-0.208
-0.205
-0.121
-0.027
0.024
0.014
-0.039
-0.09
-0.083
0.012
0.157
0.266
0.269
0.179
0.067
-0.011
-0.056
-0.092
-0.117
-0.108
-0.066
-0.019
0.021
0.066
0.115
0.132
0.078
-0.026
-0.108
-0.111
-0.052
0.016
0.058
0.062
0.015
-0.076
-0.14
-0.093
0.053
0.177
0.174
0.061
-0.063
-0.136
-0.17
-0.189
-0.181
-0.12
-0.014
0.088
0.145
0.154
0.137
0.096
0.021
-0.074
-0.145
-0.152
-0.096
-0.006
0.08
0.121
0.086
-0.01
-0.099
-0.111
-0.03
0.102
0.222
0.268
0.191
-0.007
-0.247
-0.404
-0.389
-0.204
0.076
0.339
0.464
0.36
0.059
-0.27
-0.435
-0.369
-0.155
0.075
0.221
0.23
0.095
-0.124
-0.307
-0.339
-0.182
0.082
0.31
0.386
0.287
0.072
-0.162
-0.319
-0.342
-0.235
-0.05
0.141
0.275
0.313
0.244
0.093
-0.088
-0.221
-0.224
-0.072
0.143
0.268
0.222
0.053
-0.131
-0.241
-0.233
-0.11
0.075
0.246
0.321
0.253
0.064
-0.151
-0.275
-0.251
-0.106
0.074
0.206
0.237
0.153
-0.022
-0.198
-0.262
-0.168
0.014
0.164
0.202
0.115
-0.056
-0.229
-0.306
-0.225
-0.013
0.228
0.375
0.344
0.152
-0.093
-0.261
-0.283
-0.175
-0.003
0.145
0.196
0.132
-0.003
-0.142
-0.22
-0.18
0.003
0.269
0.48
0.492
0.26
-0.103
-0.384
-0.42
-0.228
0.035
0.207
0.225
0.112
-0.062
-0.206
-0.237
-0.136
0.041
0.197
0.251
0.18
0.023
-0.14
-0.222
-0.176
-0.033
0.109
0.148
0.072
-0.035
-0.075
-0.038
-0.002
-0.035
-0.104
-0.123
-0.064
0.018
0.056
0.041
0.02
0.033
0.08
0.122
0.104
0.007
-0.114
-0.159
-0.071
0.092
0.197
0.152
-0.014
-0.168
-0.202
-0.103
0.064
0.225
0.319
0.304
0.173
-0.04
-0.259
-0.393
-0.374
-0.212
0.001
0.154
0.185
0.108
-0.024
-0.14
-0.166
-0.07
0.098
0.236
0.261
0.16
-0.023
-0.226
-0.377
-0.395
-0.227
0.075
0.351
0.433
0.273
-0.025
-0.276
-0.333
-0.17
0.094
0.274
0.263
0.113
-0.039
-0.109
-0.096
-0.031
0.066
0.167
0.229
0.211
0.107
-0.039
-0.154
-0.184
-0.125
-0.027
0.053
0.101
0.142
0.191
0.215
0.161
0.022
-0.137
-0.224
-0.198
-0.091
0.013
0.034
-0.038
-0.128
-0.145
-0.062
0.064
0.147
0.142
0.086
0.052
0.056
0.043
-0.031
-0.123
-0.146
-0.073
0.031
0.081
0.055
0.003
0.003
0.074
0.154
0.165
0.098
0.005
-0.062
-0.091
-0.082
-0.036
0.049
0.159
0.252
0.262
0.146
-0.061
-0.238
-0.273
-0.157
0.02
0.146
0.159
0.069
-0.062
-0.137
-0.092
0.047
0.159
0.143
0.015
-0.134
-0.247
-0.311
-0.296
-0.168
0.038
0.222
0.291
0.225
0.062
-0.13
-0.255
-0.234
-0.078
0.102
0.177
0.111
-0.038
-0.184
-0.271
-0.262
-0.141
0.071
0.289
0.406
0.353
0.148
-0.108
-0.285
-0.308
-0.202
-0.054
0.062
0.114
0.11
0.088
0.092
0.123
0.127
0.048
-0.089
-0.185
-0.18
-0.124
-0.102
-0.121
-0.117
-0.057
0.012
0.039
0.045
0.082
0.141
0.151
0.067
-0.081
-0.222
-0.287
-0.238
-0.094
0.077
0.192
0.202
0.118
-0.013
-0.123
-0.155
-0.095
0.003
0.073
0.094
0.082
0.035
-0.058
-0.156
-0.167
-0.046
0.148
0.305
0.357
0.304
0.175
0.007
-0.154
-0.254
-0.25
-0.143
0.005
0.113
0.147
0.129
0.09
0.035
-0.014
-0.008
0.068
0.148
0.147
0.044
-0.108
-0.237
-0.289
-0.238
-0.09
0.097
0.234
0.264
0.194
0.075
-0.038
-0.101
-0.09
-0.021
0.053
0.089
0.088
0.055
-0.023
-0.133
-0.204
-0.146
0.036
0.22
0.269
0.149
-0.045
-0.183
-0.187
-0.071
0.084
0.181
0.168
0.075
-0.03
-0.103
-0.143
-0.144
-0.077
0.051
0.158
0.14
-0.015
-0.19
-0.244
-0.15
-0.007
0.086
0.124
0.152
0.173
0.148
0.054
-0.095
-0.258
-0.36
-0.319
-0.126
0.11
0.238
0.186
0.012
-0.135
-0.119
0.057
0.241
0.276
0.161
0.031
-0.025
-0.048
-0.119
-0.217
-0.229
-0.103
0.074
0.163
0.133
0.062
0.011
-0.034
-0.076
-0.055
0.059
0.181
0.176
0.021
-0.178
-0.301
-0.307
-0.212
-0.04
0.159
0.285
0.243
0.036
-0.213
-0.358
-0.335
-0.18
0.028
0.203
0.277
0.23
0.112
0.003
-0.05
-0.066
-0.085
-0.106
-0.095
-0.054
-0.039
-0.083
-0.141
-0.123
-0.002
0.151
0.242
0.233
0.145
0.019
-0.089
-0.114
-0.028
0.106
0.16
0.057
-0.129
-0.233
-0.164
0.004
0.128
0.141
0.087
0.042
0.034
0.039
0.026
-0.005
-0.038
-0.07
-0.112
-0.148
-0.136
-0.057
0.054
0.139
0.161
0.109
0.009
-0.099
-0.18
-0.209
-0.161
-0.037
0.103
0.177
0.169
0.136
0.103
0.017
-0.143
-0.273
-0.235
-0.051
0.103
0.088
-0.049
-0.16
-0.155
-0.046
0.114
0.265
0.341
0.292
0.138
-0.037
-0.164
-0.223
-0.211
-0.111
0.064
0.231
0.278
0.152
-0.085
-0.286
-0.326
-0.176
0.091
0.346
0.456
0.355
0.091
-0.199
-0.381
-0.391
-0.226
0.075
0.387
0.507
0.306
-0.112
-0.467
-0.549
-0.367
-0.07
0.198
0.349
0.332
0.168
-0.04
-0.176
-0.192
-0.111
0.031
0.183
0.249
0.139
-0.13
-0.395
-0.47
-0.309
-0.032
0.196
0.295
0.273
0.177
0.046
-0.083
-0.171
-0.192
-0.143
-0.052
0.042
0.099
0.102
0.065
0.029
0.012
-0.011
-0.074
-0.159
-0.186
-0.094
0.073
0.187
0.153
-0.01
-0.184
-0.244
-0.157
0.011
0.162
0.222
0.164
0.006
-0.179
-0.289
-0.264
-0.133
0.02
0.119
0.138
0.086
-0.011
-0.123
-0.201
-0.177
-0.025
0.18
0.303
0.263
0.099
-0.088
-0.214
-0.241
-0.175
-0.048
0.089
0.183
0.193
0.121
0.021
-0.042
-0.049
-0.025
0.001
0.024
0.044
0.04
-0.016
-0.106
-0.154
-0.106
0.003
0.085
0.099
0.071
0.027
-0.042
-0.12
-0.136
-0.043
0.108
0.219
